c instance by G2
c solution = 0000010111001110011101111101111010001010111010111001111111000101111011110011000101100011110100001001
c Known solution cost is 2702 
p cnf 100 950
w 5 34 10 9 61 11 96 2 28 87 55 86 55 37 48 78 94 90 34 79 82 75 67 90 61 15 65 46 61 60 34 17 93 95 26 5 57 73 58 85 11 12 70 65 1 69 94 46 10 79 76 92 53 42 33 65 8 97 10 20 9 43 89 53 89 14 10 46 38 67 30 48 31 51 64 83 20 57 28 81 35 3 72 40 96 56 4 56 5 14 75 13 8 63 17 97 28 26 94 65
7 -28 -5 0
68 -4 -24 0
-41 -36 -6 0
6 -23 38 0
-56 -80 8 0
33 -2 26 0
11 -18 75 0
33 -90 29 0
-92 97 23 0
-45 -20 87 0
44 22 58 0
74 2 43 0
-80 82 -55 0
62 71 10 0
91 -95 9 0
-98 -20 77 0
38 47 -91 0
-3 35 -75 0
-80 53 44 0
58 -25 -33 0
78 -12 -81 0
37 56 7 0
-17 40 -99 0
-43 -53 -63 0
71 -45 99 0
-6 -74 -45 0
-51 3 12 0
14 -100 77 0
-50 87 29 0
78 96 -51 0
10 -27 -54 0
9 55 37 0
-15 -95 18 0
-46 -23 49 0
-19 -33 -73 0
66 78 21 0
90 -73 82 0
-3 -64 -89 0
12 -40 -11 0
-34 94 79 0
99 52 -77 0
89 -54 93 0
20 27 -3 0
84 65 -10 0
82 80 1 0
-78 -56 95 0
48 -32 -31 0
46 -25 -12 0
-7 66 -11 0
-89 51 88 0
-16 -7 -39 0
-15 63 56 0
42 -31 -27 0
-77 -62 71 0
10 -56 -46 0
44 -38 -10 0
76 56 81 0
35 -24 -40 0
1 63 24 0
-50 96 8 0
74 -32 13 0
-85 36 -22 0
-97 19 -64 0
17 -61 -38 0
83 6 73 0
49 -85 21 0
49 82 -55 0
47 -65 46 0
18 31 -9 0
20 74 90 0
67 78 -56 0
-58 1 -63 0
80 62 71 0
-98 11 74 0
22 -7 82 0
69 95 86 0
-2 -59 72 0
6 -13 97 0
5 -68 -63 0
-55 -54 -94 0
64 53 -31 0
22 97 63 0
-47 26 -27 0
1 -32 84 0
7 -98 63 0
54 -16 84 0
100 6 25 0
71 27 41 0
-59 84 -98 0
85 43 -24 0
56 -37 -58 0
8 32 -29 0
-14 66 -63 0
-68 -27 83 0
-72 37 -89 0
-85 -52 55 0
5 92 -8 0
88 -14 -15 0
-90 -94 67 0
-58 -69 43 0
-84 -41 8 0
95 -98 -40 0
90 -85 9 0
-30 -45 -38 0
-79 -70 -26 0
-85 -26 -84 0
-31 -81 -70 0
-28 -35 -4 0
70 -67 -5 0
84 90 -59 0
-91 -24 -76 0
34 49 -78 0
-51 -49 39 0
-24 -97 55 0
-40 -32 -84 0
-19 18 -44 0
13 7 23 0
-44 -45 -77 0
84 40 54 0
-55 -37 -85 0
-33 -54 43 0
-13 -93 35 0
-100 -17 -12 0
-37 -69 -61 0
2 -98 56 0
37 51 83 0
76 -6 -20 0
-62 20 35 0
-14 34 -98 0
46 -69 65 0
-43 29 77 0
89 51 -87 0
84 88 20 0
-85 -73 -98 0
75 -12 13 0
-18 -58 57 0
-76 -39 -61 0
-59 -8 21 0
-92 -74 -39 0
-67 42 10 0
-58 -77 85 0
78 -18 20 0
42 41 -26 0
-21 -58 -42 0
5 44 -78 0
-39 42 34 0
23 -91 -15 0
46 5 88 0
-93 -58 6 0
6 99 -26 0
72 -95 17 0
25 -53 74 0
5 43 28 0
-56 75 -44 0
82 -32 3 0
10 30 -83 0
88 57 -28 0
-7 40 90 0
-62 -7 88 0
76 36 -94 0
-42 -91 -14 0
-42 58 -31 0
-65 98 89 0
-8 59 -5 0
69 78 59 0
-16 -77 56 0
6 1 86 0
-75 42 -11 0
81 -91 -9 0
28 46 -67 0
60 86 -94 0
55 31 -81 0
32 67 55 0
-48 -65 71 0
95 19 -43 0
79 -49 -98 0
33 53 -92 0
18 -79 21 0
84 41 63 0
-98 99 80 0
-87 -57 26 0
-35 -36 92 0
98 -36 -35 0
89 18 -38 0
62 -17 39 0
-91 84 17 0
-25 -49 -95 0
-54 -33 -40 0
-11 88 -66 0
79 33 35 0
-4 -43 61 0
-46 -74 -56 0
79 25 -18 0
86 39 43 0
-96 81 -100 0
-12 36 78 0
-7 55 -81 0
56 -17 -66 0
-77 38 25 0
-89 95 -96 0
22 10 56 0
9 -23 -18 0
-81 -25 -31 0
-22 -51 94 0
-60 -59 47 0
4 -55 -2 0
6 -71 16 0
28 93 84 0
-57 99 23 0
21 -48 57 0
42 83 -57 0
-52 -7 -49 0
10 -48 -61 0
-17 -97 47 0
44 -79 93 0
43 32 19 0
-53 39 -82 0
99 35 25 0
-49 -48 58 0
64 -90 -95 0
-82 -73 96 0
95 -25 -94 0
-79 100 99 0
-20 18 -62 0
40 -78 2 0
80 2 60 0
-16 -75 46 0
97 -78 -68 0
4 -32 77 0
25 -33 96 0
86 84 31 0
17 16 -94 0
-17 -47 -68 0
76 44 -91 0
28 46 -47 0
-8 53 -90 0
90 -19 -40 0
-49 6 -64 0
-87 48 83 0
73 -8 55 0
94 2 19 0
-54 39 32 0
-53 8 -61 0
10 -49 -62 0
-21 -15 38 0
15 39 -16 0
-30 37 15 0
-35 -94 59 0
97 51 57 0
12 -68 26 0
10 74 -68 0
57 -12 -5 0
-28 -38 -79 0
-12 -17 24 0
36 71 -4 0
-94 71 9 0
-59 -86 -91 0
-72 -5 -80 0
43 -77 59 0
-83 84 58 0
80 15 2 0
61 14 98 0
53 42 52 0
12 -46 43 0
-94 36 -67 0
-65 68 -94 0
60 -30 90 0
42 -9 -13 0
12 -43 45 0
-73 -98 65 0
90 -32 62 0
-97 -69 -99 0
9 89 68 0
-16 51 28 0
28 -43 73 0
47 29 -12 0
42 -60 -36 0
18 -79 9 0
-89 10 -54 0
-71 -26 41 0
57 -74 -72 0
-55 81 -84 0
-4 36 -61 0
-98 65 58 0
98 5 -50 0
56 -46 48 0
-46 -57 51 0
81 87 75 0
24 -35 -8 0
-63 -56 -70 0
-51 100 -15 0
50 14 100 0
13 -15 -12 0
96 58 -50 0
-29 -44 -18 0
-38 39 -93 0
-87 18 52 0
52 -2 -12 0
82 33 -98 0
97 -15 -92 0
-55 100 -80 0
98 -31 80 0
56 76 -57 0
4 62 77 0
50 -44 -77 0
5 53 -83 0
45 -28 32 0
-25 59 69 0
17 70 63 0
100 -57 73 0
25 35 67 0
-61 50 -38 0
-48 -17 -11 0
-99 59 -68 0
-74 -19 -57 0
-82 47 -58 0
-88 7 28 0
-78 -36 53 0
99 83 62 0
24 -55 99 0
-22 -58 -85 0
-10 4 65 0
-26 84 25 0
68 -42 70 0
-2 91 94 0
76 -38 -44 0
-88 -44 -16 0
-27 92 58 0
86 24 17 0
80 15 51 0
-21 -12 -29 0
-85 16 3 0
85 47 -92 0
65 17 -63 0
-12 -13 -20 0
-61 90 56 0
-90 -75 -81 0
-2 -54 65 0
53 74 19 0
-62 86 -96 0
37 -16 -31 0
25 -79 -36 0
52 42 69 0
40 -57 19 0
28 -22 49 0
11 92 44 0
-87 -81 7 0
81 -32 26 0
8 -51 3 0
81 -31 80 0
85 -29 -4 0
73 -3 77 0
100 82 25 0
-53 -35 -30 0
49 -78 74 0
39 -98 -48 0
-3 -18 1 0
2 -24 62 0
78 -3 -73 0
96 -89 90 0
75 -57 1 0
-84 9 -8 0
-18 -14 13 0
7 78 -79 0
-24 -18 30 0
-36 50 95 0
-72 42 38 0
62 -17 77 0
60 33 -61 0
-18 19 -54 0
-34 -91 -14 0
47 95 81 0
-84 63 -38 0
91 -48 64 0
-98 -18 31 0
-51 -67 -21 0
97 -68 41 0
-72 8 -21 0
11 60 -1 0
-4 -86 -85 0
87 86 28 0
-68 54 -69 0
-74 -94 77 0
33 90 -20 0
56 7 62 0
-39 -57 -44 0
-3 9 -92 0
-96 44 61 0
-47 -4 -49 0
-55 -59 -49 0
-17 -30 -4 0
29 -53 -36 0
66 49 78 0
91 13 -45 0
-82 -39 64 0
-9 37 76 0
48 -23 -74 0
13 40 72 0
-91 72 33 0
55 -16 74 0
-39 -11 8 0
85 -86 94 0
47 -81 -97 0
52 -16 -93 0
8 -2 -50 0
-13 75 -59 0
83 -30 49 0
41 -74 -64 0
41 -64 -42 0
-68 -74 -10 0
-81 -52 -15 0
-67 39 -31 0
64 27 87 0
-26 -98 -60 0
-18 26 -61 0
-43 -32 84 0
-11 -99 14 0
69 -95 9 0
-24 90 99 0
14 87 41 0
74 23 96 0
-59 39 48 0
-16 38 -77 0
48 46 12 0
-66 -84 54 0
74 -27 -69 0
-5 4 -43 0
24 -8 -41 0
76 -26 -67 0
94 15 84 0
21 53 -79 0
-13 28 -75 0
-23 6 -44 0
-68 -72 -14 0
-57 -22 23 0
-89 -29 9 0
14 -45 -77 0
-7 97 -2 0
97 38 -69 0
56 61 -48 0
-98 -83 6 0
32 56 70 0
-5 -15 -34 0
-77 -69 38 0
90 16 -28 0
-82 -77 -73 0
72 66 99 0
78 2 -81 0
65 79 -29 0
87 27 -42 0
19 -90 11 0
73 -11 50 0
14 63 -35 0
-63 -32 -21 0
-5 57 -70 0
-10 -27 -24 0
78 74 30 0
15 -7 28 0
58 54 12 0
-25 -61 -64 0
79 91 64 0
91 52 74 0
52 2 -48 0
46 -84 -18 0
40 -50 13 0
61 32 26 0
-96 51 -44 0
-72 -20 -77 0
-89 56 -47 0
-30 -91 -24 0
-94 -54 34 0
-27 -43 -61 0
-67 75 99 0
-7 -97 -49 0
12 -71 -84 0
43 -45 68 0
-34 8 -32 0
72 -99 -63 0
84 -69 92 0
-89 -27 16 0
-76 33 -5 0
-53 66 -38 0
87 -19 -89 0
-15 14 34 0
-40 -22 4 0
46 -98 72 0
48 -61 85 0
54 -4 63 0
-39 93 45 0
51 -4 -22 0
-49 9 -94 0
-66 23 -29 0
-52 71 80 0
87 -77 -93 0
98 -77 84 0
45 -76 70 0
87 45 -48 0
-57 -77 62 0
-13 -60 -20 0
72 -16 -37 0
19 23 2 0
71 -74 -78 0
15 -87 20 0
-78 97 -4 0
20 41 77 0
-89 16 45 0
-23 -24 83 0
39 96 -22 0
-24 62 -22 0
-84 -5 59 0
53 23 -82 0
-26 75 -92 0
84 1 13 0
-93 20 99 0
13 46 -48 0
-60 19 -37 0
100 74 -72 0
-85 69 7 0
11 20 81 0
86 -4 60 0
-30 82 63 0
49 -16 -56 0
84 -37 69 0
11 -3 -100 0
-61 70 99 0
5 92 -44 0
-56 26 94 0
50 58 46 0
-62 71 -15 0
70 -4 88 0
17 -27 54 0
31 -73 -95 0
-85 -13 67 0
-85 41 87 0
7 33 86 0
-27 88 -20 0
45 44 -18 0
-38 2 -32 0
-14 -36 63 0
60 -49 22 0
-26 25 -28 0
-21 -31 -97 0
80 52 -34 0
72 -95 11 0
-46 57 55 0
82 -56 68 0
68 -96 37 0
-84 16 50 0
41 -72 88 0
-60 -53 56 0
-42 20 -24 0
-34 53 23 0
-85 17 -91 0
6 -29 -3 0
11 -96 -61 0
86 54 3 0
15 73 -4 0
-71 84 -27 0
-87 83 15 0
-73 84 46 0
21 14 27 0
-19 -48 -40 0
10 -2 49 0
-3 31 38 0
45 -48 25 0
86 -94 -31 0
-61 -7 -69 0
15 -42 88 0
96 -71 67 0
-14 -92 83 0
96 34 62 0
-85 78 -98 0
81 92 82 0
68 30 15 0
-52 -46 95 0
51 -22 52 0
46 -17 95 0
16 6 50 0
62 64 -49 0
46 -59 52 0
-60 34 -45 0
58 7 -70 0
52 -42 37 0
-18 24 76 0
23 36 -71 0
70 43 4 0
-17 57 -87 0
-61 -13 -66 0
3 22 41 0
-8 -30 -93 0
-92 -17 50 0
-35 3 23 0
62 56 91 0
-23 28 -49 0
-72 26 82 0
49 -62 -87 0
-6 88 7 0
-88 74 -68 0
-76 -27 65 0
-54 -45 29 0
64 -39 -48 0
-91 17 -86 0
31 -56 -73 0
-33 -16 -100 0
96 90 -6 0
-95 42 37 0
-24 29 -46 0
-71 -75 80 0
29 -18 -99 0
15 -40 -29 0
42 -84 -79 0
-84 -29 -68 0
47 45 43 0
-55 -67 88 0
-99 26 -11 0
70 47 -44 0
18 -12 79 0
-77 41 63 0
17 7 45 0
-19 -65 39 0
6 -22 65 0
-11 -82 -24 0
-16 7 -98 0
43 -37 3 0
-33 -40 -53 0
79 16 -21 0
-91 87 89 0
-81 -60 41 0
17 -62 24 0
-38 81 27 0
42 -71 -19 0
-70 -78 -5 0
-38 -66 -74 0
83 -37 95 0
-49 -79 -22 0
-64 -68 30 0
-3 98 40 0
97 -33 -15 0
-59 -18 44 0
-16 -64 51 0
-7 -41 -71 0
46 -56 76 0
13 65 84 0
46 95 33 0
47 11 -75 0
-81 -62 50 0
-55 -53 -59 0
44 1 72 0
-66 77 -68 0
-100 40 54 0
64 -77 -95 0
62 -87 8 0
-67 -58 -36 0
68 71 2 0
-1 38 9 0
-24 10 40 0
-6 -41 -73 0
94 -53 -1 0
14 75 -86 0
66 37 2 0
-70 43 -72 0
-4 -83 96 0
39 -77 3 0
15 -27 -56 0
91 -8 89 0
-46 81 -76 0
89 -99 4 0
-20 -85 11 0
-76 37 -10 0
42 -37 -67 0
85 -33 -12 0
-29 18 89 0
-69 48 19 0
97 -74 82 0
46 92 -9 0
21 -29 87 0
-50 -30 39 0
26 -88 63 0
67 -54 36 0
-68 -45 28 0
-63 80 50 0
40 -20 58 0
38 57 -72 0
1 8 77 0
80 7 66 0
92 58 -80 0
21 -99 30 0
-21 -75 17 0
-75 -46 21 0
21 72 -59 0
20 -11 83 0
-27 72 -37 0
-13 -10 19 0
-92 -30 9 0
36 -84 -46 0
-76 97 -78 0
30 64 -2 0
74 8 61 0
92 98 65 0
34 -71 90 0
95 73 65 0
-98 -10 12 0
56 1 -27 0
-36 73 38 0
-43 -98 100 0
-80 69 -90 0
100 20 -92 0
-97 83 46 0
77 -19 83 0
-14 60 88 0
79 31 -71 0
47 25 80 0
88 -68 97 0
2 91 33 0
-44 8 24 0
-9 17 -5 0
-56 73 19 0
-90 -21 -53 0
19 29 40 0
-91 -6 15 0
-61 59 77 0
-59 -35 38 0
38 -50 54 0
-33 51 62 0
70 73 6 0
-50 78 18 0
1 47 -6 0
-93 -43 62 0
-77 50 -20 0
26 87 35 0
-40 -92 -10 0
56 -28 63 0
-31 93 92 0
-21 -75 -50 0
-34 -67 23 0
51 94 -32 0
-40 46 6 0
100 -23 -25 0
5 15 70 0
3 52 45 0
15 -32 51 0
-58 -51 -8 0
100 -84 20 0
-34 -14 21 0
-23 -7 6 0
-55 -20 14 0
12 75 -4 0
-92 70 18 0
62 48 100 0
-6 80 -39 0
88 87 -63 0
-72 43 -66 0
-68 2 75 0
67 32 -86 0
30 71 -78 0
54 70 88 0
46 33 60 0
-21 3 4 0
86 47 -100 0
-39 15 86 0
-37 -92 -78 0
-36 44 -8 0
-65 57 -48 0
-50 -40 86 0
98 -24 10 0
-22 86 -3 0
4 49 1 0
20 -95 -83 0
30 -39 -3 0
27 20 -49 0
-77 -53 -67 0
-38 -22 77 0
-34 -18 -49 0
24 -26 -79 0
47 -96 27 0
10 1 -56 0
69 58 -73 0
-48 -29 20 0
47 44 -68 0
38 55 -40 0
72 10 36 0
42 -99 92 0
11 61 37 0
-98 24 -31 0
-99 -74 -30 0
65 84 3 0
-14 97 96 0
-91 60 -90 0
5 73 -11 0
-54 -79 -20 0
26 -62 59 0
86 35 25 0
62 28 -50 0
76 -15 -29 0
-2 -8 -97 0
51 -74 -87 0
-28 17 -7 0
-18 -52 -2 0
65 -69 84 0
-62 45 58 0
1 -53 23 0
-31 -37 -12 0
-41 -98 -39 0
-100 -6 -63 0
25 80 -20 0
-95 94 -53 0
71 -50 18 0
40 -38 -45 0
-13 -5 34 0
50 1 18 0
-28 -60 -8 0
86 42 84 0
-37 11 -95 0
45 62 -18 0
89 -7 54 0
64 -43 -85 0
-17 69 -70 0
-59 -99 77 0
-93 -74 29 0
-84 72 81 0
9 42 -93 0
-46 58 88 0
-49 -9 -3 0
93 -65 97 0
-68 -15 -95 0
93 -17 98 0
-17 -2 -14 0
-100 -81 -73 0
-61 25 -55 0
66 -52 65 0
-37 36 64 0
-14 -32 51 0
90 54 95 0
50 -24 -95 0
99 -38 -16 0
83 80 -79 0
-80 97 11 0
98 58 -24 0
26 97 87 0
69 -62 -74 0
10 22 98 0
83 59 85 0
-93 -60 -26 0
44 29 84 0
17 30 83 0
-100 46 14 0
-83 -25 -4 0
-66 -63 39 0
-27 91 28 0
-94 -5 -84 0
41 -67 -57 0
61 36 -32 0
20 18 -65 0
3 89 65 0
60 67 49 0
76 -19 -85 0
35 88 63 0
-31 -84 -45 0
-11 60 -22 0
81 71 -52 0
89 6 4 0
-58 90 7 0
-8 18 86 0
-2 72 88 0
47 -37 -87 0
-61 -85 68 0
32 52 -8 0
50 13 18 0
-26 -34 -4 0
30 -47 19 0
-36 16 -96 0
6 30 13 0
-48 87 46 0
44 86 -93 0
21 24 -2 0
5 48 -69 0
68 -48 -12 0
47 29 10 0
9 -80 -50 0
98 62 -80 0
55 -49 -20 0
-71 48 -11 0
27 -78 17 0
23 -58 17 0
-80 71 -70 0
-63 36 -71 0
-70 -4 44 0
5 59 47 0
34 -14 49 0
-66 -5 -9 0
67 93 -62 0
-30 29 -54 0
100 -41 -50 0
2 92 18 0
8 -42 78 0
-41 48 66 0
88 -83 -71 0
70 96 -9 0
-52 -99 62 0
-1 -35 20 0
49 98 -37 0
69 -9 -37 0
-40 89 56 0
-4 53 45 0
-35 -45 36 0
24 77 85 0
63 -81 7 0
94 -22 -98 0
2 -84 -79 0
47 -12 87 0
77 28 76 0
41 52 35 0
45 -66 -64 0
-81 92 41 0
84 99 45 0
-65 -16 79 0
-94 54 -29 0
70 3 46 0
47 -1 -17 0
14 1 -86 0
27 26 81 0
95 45 77 0
65 45 -71 0
22 81 -25 0
11 39 51 0
60 -94 -91 0
-13 83 64 0
-34 5 76 0
85 -27 -1 0
84 39 -69 0
-34 76 4 0
-86 -84 -25 0
84 -92 -35 0
-34 85 -76 0
-78 96 14 0
-96 -92 -14 0
11 -75 6 0
43 7 62 0
93 69 -28 0
-19 -90 24 0
71 -80 72 0
90 -4 83 0
94 57 -28 0
67 -25 -91 0
-6 72 -75 0
-66 89 -83 0
-64 -80 9 0
-77 28 7 0
35 -71 -7 0
-99 -81 46 0
