c instance by G2
c solution = 0101010000001000101101011101000010111010000101111000101101001110100101101100011000010100111000110101
c Known solution cost is 2155 
p cnf 100 500
w 66 81 21 53 86 19 46 90 13 87 48 83 77 92 41 26 86 76 19 57 11 83 16 4 25 26 76 65 85 9 96 51 41 68 3 78 39 100 68 51 39 15 85 15 58 26 40 44 53 11 52 16 93 67 19 69 44 94 85 29 55 33 31 47 100 33 25 38 85 92 41 23 58 25 37 16 2 29 11 55 39 14 70 83 80 40 51 76 33 88 4 87 20 34 34 71 18 10 61 2
45 50 -40 0
-63 65 81 0
99 -97 -13 0
-27 5 -75 0
33 22 -37 0
-9 -70 -41 0
-45 15 -25 0
-66 2 -72 0
-36 -65 -67 0
83 80 26 0
44 -96 -62 0
84 30 -59 0
-88 69 27 0
-31 30 -89 0
1 -18 85 0
2 -100 -73 0
-30 38 -39 0
1 47 -2 0
98 25 -4 0
11 -1 -17 0
8 -40 -74 0
95 -91 -89 0
38 -68 -30 0
-59 28 -54 0
-45 -67 -28 0
2 -89 69 0
-47 65 74 0
-4 -8 -44 0
-5 -17 39 0
-14 -62 -91 0
-11 -62 68 0
-100 -6 46 0
19 100 -92 0
-8 -98 43 0
-70 75 -38 0
-42 -48 76 0
-67 78 7 0
72 97 -69 0
-43 -20 -60 0
-46 19 100 0
-67 -84 23 0
-60 -98 -78 0
-45 -74 2 0
55 -16 6 0
68 -6 25 0
-13 4 41 0
-42 -72 -65 0
35 89 9 0
-86 7 36 0
21 2 -87 0
-31 -4 -67 0
50 -29 -63 0
-92 31 43 0
31 30 86 0
25 -24 -83 0
-51 -19 -44 0
-80 54 -96 0
-21 -37 -41 0
76 -80 69 0
-47 4 -92 0
-84 66 -77 0
-88 62 81 0
80 47 61 0
51 -43 16 0
24 -95 29 0
-100 6 -79 0
-83 -34 68 0
-33 -85 -64 0
-100 68 80 0
8 38 -82 0
65 54 95 0
-74 -59 38 0
13 77 -78 0
-42 19 -87 0
-42 80 -75 0
15 -55 74 0
-53 -26 -92 0
-46 -59 -86 0
51 -53 91 0
93 84 -3 0
-18 -2 32 0
49 51 77 0
-15 -16 -31 0
-60 69 96 0
-27 -92 -85 0
10 61 -95 0
-36 86 -26 0
33 24 -60 0
-50 -28 62 0
-67 12 -11 0
7 13 -88 0
32 -65 25 0
79 87 -62 0
-93 -24 -95 0
-66 -97 67 0
55 -33 85 0
21 72 84 0
30 -94 51 0
42 99 -27 0
-19 -40 -31 0
-15 1 87 0
6 15 85 0
16 -27 78 0
48 97 12 0
75 -66 32 0
-36 -71 -9 0
88 91 -23 0
18 -61 -43 0
-76 29 -70 0
-83 42 34 0
-57 -90 63 0
-49 36 -79 0
21 -1 67 0
17 21 82 0
-77 -28 15 0
38 56 -46 0
-2 14 -92 0
-78 -77 87 0
-35 90 88 0
79 -56 49 0
-26 94 -64 0
-80 -17 -73 0
-55 19 -92 0
-36 63 -24 0
97 -72 -53 0
84 -78 -71 0
-48 -27 -34 0
4 -30 26 0
69 -12 6 0
34 97 -77 0
14 -9 -90 0
-52 -11 21 0
-44 -93 -55 0
-61 10 -32 0
-72 -59 -23 0
22 90 -91 0
-73 44 -29 0
88 20 -84 0
31 98 74 0
3 -82 -18 0
76 -63 26 0
-98 46 -74 0
-55 -3 -18 0
-40 32 94 0
-68 43 49 0
-16 29 -13 0
-25 -57 -74 0
-52 76 60 0
-21 -12 52 0
82 -79 -59 0
-73 -19 98 0
-88 -85 10 0
15 84 -66 0
-89 -50 -39 0
-69 98 -95 0
75 70 -2 0
-30 2 72 0
-27 30 -81 0
66 -85 72 0
-60 12 -65 0
-70 -5 -88 0
-13 -91 -83 0
-47 -26 35 0
-57 -81 30 0
-69 27 -62 0
44 68 4 0
47 100 96 0
-31 59 61 0
-38 -83 85 0
42 -72 14 0
-68 25 15 0
82 34 49 0
67 97 -77 0
77 94 78 0
63 -6 -36 0
-54 -58 6 0
-1 -16 -83 0
86 -62 52 0
-31 -46 -1 0
-12 -68 15 0
-88 -19 20 0
-95 31 71 0
20 -79 87 0
88 58 -96 0
47 18 79 0
25 99 -76 0
-30 -29 -67 0
-54 41 -47 0
-57 53 68 0
27 38 47 0
100 -86 39 0
23 38 -18 0
5 -66 27 0
5 35 -45 0
-39 70 55 0
-17 90 76 0
37 -28 22 0
13 69 45 0
-47 95 -11 0
-92 65 42 0
88 73 30 0
-77 71 13 0
66 -23 -86 0
-23 -47 -52 0
29 28 -36 0
93 48 66 0
-80 96 14 0
-75 35 12 0
-97 69 -79 0
-10 20 66 0
56 26 95 0
-2 -69 -58 0
-53 16 -66 0
-18 -87 -27 0
86 -61 -62 0
-31 85 48 0
36 -64 -71 0
63 -36 92 0
-97 -24 -83 0
-64 -21 32 0
-61 28 11 0
58 -17 71 0
-60 36 5 0
72 -82 -20 0
33 -79 -46 0
19 -80 4 0
-30 -63 -17 0
-54 10 -57 0
-87 80 -82 0
89 -48 31 0
56 80 -90 0
32 67 79 0
88 -82 96 0
58 85 76 0
-70 23 56 0
-5 -67 1 0
91 8 60 0
-47 91 -77 0
-64 -23 -22 0
-48 26 -2 0
54 -60 7 0
94 -39 -85 0
51 -38 -14 0
-14 -81 -99 0
93 76 71 0
64 47 -89 0
12 70 -56 0
79 -25 -10 0
73 60 76 0
52 -25 -94 0
-34 -48 58 0
10 -9 58 0
71 -14 -92 0
-5 46 67 0
-79 96 69 0
-51 -15 66 0
53 13 99 0
-71 95 -20 0
46 77 88 0
55 38 -99 0
-72 34 -77 0
10 -29 -65 0
20 67 25 0
-49 20 -29 0
-69 33 -65 0
-60 -50 10 0
30 -4 -69 0
4 -74 -35 0
-75 10 -33 0
76 -49 -38 0
-9 92 -15 0
6 -67 -52 0
-66 -67 87 0
59 -94 -53 0
-4 -38 76 0
6 -11 -36 0
-78 61 -65 0
-95 86 -2 0
-32 1 49 0
-80 47 97 0
81 -88 72 0
45 -10 36 0
7 69 -38 0
92 13 -33 0
20 69 -70 0
68 -46 -66 0
97 44 87 0
96 -33 86 0
-62 86 -93 0
-25 -3 -95 0
81 -51 -61 0
12 -55 4 0
18 56 34 0
-75 30 97 0
46 26 -56 0
-36 -79 49 0
-67 87 -3 0
-6 -43 17 0
60 17 63 0
-3 -27 -46 0
-100 24 60 0
-32 -87 82 0
46 28 -64 0
15 -54 30 0
95 -67 55 0
-79 22 -98 0
-75 39 63 0
78 -72 -44 0
79 28 -85 0
-86 -12 -25 0
99 -69 -59 0
-10 79 94 0
53 -34 11 0
59 34 -50 0
75 -47 -93 0
-86 65 -66 0
-25 93 -76 0
-62 82 58 0
80 -61 -50 0
-25 94 79 0
-25 -21 40 0
-98 78 55 0
-65 -55 -57 0
18 -77 -83 0
-84 -58 -94 0
-11 -84 82 0
-7 -91 59 0
-32 69 88 0
-86 5 89 0
-81 -91 -22 0
100 20 -13 0
93 -52 16 0
-21 4 62 0
54 10 -23 0
-3 -64 -93 0
67 -66 -86 0
75 36 46 0
-30 -18 -58 0
-65 -72 6 0
-9 -79 60 0
48 -85 -97 0
6 -48 -92 0
-84 52 -69 0
-41 8 -21 0
100 38 -91 0
-90 -25 -54 0
-51 -17 92 0
-14 80 -42 0
-37 -43 54 0
51 10 -59 0
46 -10 56 0
25 -78 87 0
84 11 -67 0
67 37 92 0
100 74 -60 0
-78 -30 79 0
58 100 -5 0
-38 -52 25 0
53 67 -8 0
-74 -71 95 0
-6 -45 -22 0
74 -9 5 0
-100 33 -15 0
82 -52 -92 0
-78 -67 1 0
-1 -43 71 0
-34 94 -86 0
40 -60 -98 0
37 80 -27 0
-82 84 27 0
10 -96 -64 0
53 49 -19 0
-63 65 -77 0
-42 -59 -75 0
77 -9 -61 0
30 -81 42 0
-62 -99 -76 0
47 -48 23 0
-72 -31 -59 0
-24 61 8 0
66 54 73 0
-6 10 -94 0
38 59 44 0
-6 46 -39 0
98 -59 -80 0
-5 10 82 0
81 54 -51 0
-5 -79 33 0
40 19 34 0
-4 20 49 0
10 -57 -14 0
-94 -77 -52 0
-94 -60 -14 0
-7 -85 -59 0
65 -88 54 0
69 -45 -62 0
-1 -39 29 0
88 -22 55 0
66 61 10 0
-66 -21 60 0
-76 -80 2 0
42 -94 -78 0
-34 80 79 0
-22 81 -10 0
98 54 -53 0
-36 50 -27 0
93 -88 -74 0
61 -67 86 0
40 25 90 0
-82 79 -70 0
87 -5 -53 0
-31 43 49 0
87 85 -15 0
66 4 43 0
-13 -99 -95 0
39 -24 -61 0
-43 -96 81 0
78 -84 38 0
-99 -75 -73 0
-78 -48 35 0
25 -99 24 0
-64 67 93 0
-4 84 -24 0
-100 41 55 0
-7 -94 -36 0
50 86 -11 0
81 55 -14 0
53 81 54 0
6 14 12 0
7 -43 -58 0
56 39 -80 0
13 -83 75 0
-21 -19 2 0
-29 34 84 0
-37 -54 81 0
-89 -45 -84 0
-73 -20 -8 0
92 -3 -12 0
34 -30 -89 0
-26 81 96 0
-57 -33 81 0
-77 76 75 0
3 -37 -42 0
78 11 40 0
-99 -56 -68 0
-18 -58 76 0
-75 61 -80 0
-51 -3 -41 0
-86 -38 -42 0
5 37 -61 0
-100 -25 19 0
17 -61 81 0
85 -34 51 0
90 -88 -100 0
-13 -42 -71 0
68 17 29 0
-63 56 98 0
-1 -91 14 0
27 34 -57 0
-66 78 -37 0
68 -89 81 0
25 -47 3 0
87 -14 88 0
-97 -24 -71 0
-69 -6 -55 0
-24 -93 -22 0
23 -63 62 0
-87 3 97 0
90 81 52 0
-45 -16 13 0
80 34 4 0
-38 -41 -9 0
1 -26 -50 0
-82 -26 48 0
-88 -71 -90 0
-88 47 96 0
67 49 -89 0
47 22 90 0
10 -88 64 0
3 16 -5 0
-52 -50 3 0
-68 92 -82 0
-95 46 -99 0
-74 -54 69 0
15 39 32 0
-34 -9 -32 0
13 20 22 0
-90 -77 -50 0
40 31 -3 0
-32 -94 95 0
-17 61 -70 0
-66 -94 5 0
87 -35 -80 0
44 70 59 0
88 -7 -50 0
-94 51 -43 0
-41 -20 80 0
-88 60 31 0
21 65 8 0
-40 -19 -54 0
