c instance by G2
c solution = 1010110110100100000001000100101001000011111101100100111101111110000001110001111110001111001010010011
c Known solution cost is 2591 
p cnf 100 600
w 42 94 44 42 50 67 30 20 79 18 63 30 79 62 90 83 31 63 35 20 26 25 46 57 51 6 70 34 50 11 7 91 56 50 85 6 68 14 77 47 31 39 76 62 100 65 44 82 80 30 2 57 55 99 65 57 57 35 91 6 97 97 96 52 98 80 57 65 46 33 63 76 24 39 89 23 55 33 5 86 62 58 42 68 8 59 25 64 45 67 21 41 63 17 92 12 48 1 76 93
93 80 37 0
-37 -41 90 0
-25 57 -95 0
73 -63 91 0
18 -37 52 0
-1 -51 35 0
83 -64 59 0
-33 75 -34 0
11 84 -95 0
-65 73 -34 0
-53 -32 -1 0
-26 23 -97 0
-4 88 80 0
90 -84 1 0
48 -53 26 0
62 41 45 0
-19 -76 -26 0
12 100 43 0
-81 -45 -87 0
92 -2 28 0
-87 -39 40 0
-41 -83 -65 0
-53 71 -61 0
69 -73 72 0
31 100 35 0
-53 76 -88 0
86 -59 44 0
-84 64 -4 0
-32 -69 70 0
45 -62 22 0
-57 -85 -58 0
51 -62 -82 0
-38 -96 57 0
-33 -40 -50 0
58 15 -45 0
-20 -78 65 0
-74 -35 69 0
-56 -82 -80 0
48 -46 -52 0
44 -43 -60 0
34 23 1 0
-48 98 60 0
-22 5 -13 0
-49 -67 47 0
-64 8 -99 0
-69 -95 -93 0
-96 77 33 0
90 39 63 0
72 -50 10 0
50 33 67 0
-61 -70 56 0
32 80 15 0
-16 -4 -1 0
77 75 80 0
9 -41 -86 0
-20 28 57 0
-96 -63 -66 0
28 -24 -80 0
37 60 -29 0
-52 -83 -47 0
-20 -93 -34 0
-11 84 56 0
58 -29 -36 0
99 36 18 0
67 71 55 0
-7 75 4 0
76 51 -84 0
-36 -72 82 0
32 -3 -57 0
-57 69 -43 0
-95 -18 41 0
28 -39 93 0
38 97 44 0
84 93 -76 0
36 72 56 0
43 -47 -56 0
97 59 7 0
-39 29 18 0
-71 35 47 0
42 79 -37 0
32 -100 -19 0
-12 -16 -30 0
38 31 -8 0
57 51 47 0
-14 91 83 0
-40 1 53 0
-46 -41 70 0
32 -84 -5 0
49 71 -93 0
-26 -13 32 0
-40 -20 54 0
91 -7 -65 0
20 22 74 0
-64 -72 -29 0
-25 -19 -82 0
-8 -68 57 0
80 36 -3 0
49 62 92 0
41 3 4 0
-96 -40 29 0
33 -46 54 0
-7 -38 -1 0
-34 -75 66 0
-88 13 63 0
7 -56 88 0
56 -47 -71 0
-57 -48 -68 0
-24 42 -47 0
-17 60 91 0
-37 -25 -88 0
-86 20 -68 0
-53 -24 -7 0
-94 -46 -31 0
16 20 -67 0
8 -11 17 0
-4 -52 90 0
76 -37 60 0
41 -92 -27 0
-5 -18 -1 0
75 16 56 0
78 -11 68 0
-33 -51 -29 0
71 -12 -70 0
-49 11 -47 0
3 -63 48 0
10 -14 -7 0
72 40 -31 0
3 77 -25 0
50 36 -14 0
-97 68 -9 0
37 -93 -74 0
58 51 -33 0
91 77 96 0
-66 -11 84 0
-23 97 16 0
49 -90 -41 0
-16 -63 32 0
55 -6 86 0
23 33 60 0
-38 80 1 0
83 -85 -52 0
-89 19 -12 0
80 60 -29 0
16 32 -57 0
72 74 -86 0
98 -29 -95 0
-7 -39 75 0
-4 -50 26 0
65 -24 -8 0
-72 51 1 0
17 78 -93 0
44 -40 2 0
-51 -100 7 0
-5 -37 36 0
68 67 -32 0
1 -85 -47 0
-78 88 -42 0
-6 58 67 0
2 -33 -41 0
69 87 70 0
22 10 85 0
35 48 -45 0
93 -47 -67 0
-65 -59 45 0
66 97 -25 0
72 -8 19 0
91 -94 53 0
-53 2 1 0
-9 99 -90 0
-9 75 -49 0
-4 -66 -7 0
-29 -70 63 0
-54 45 85 0
-88 -50 -12 0
-88 -30 89 0
-48 -50 -97 0
-93 -17 38 0
-97 -37 41 0
99 26 -18 0
-86 30 96 0
-97 -55 -89 0
-44 32 26 0
81 94 57 0
77 11 94 0
-40 51 44 0
-22 -33 -19 0
6 54 88 0
-38 28 63 0
-73 45 -90 0
-28 6 11 0
-92 28 40 0
67 8 -29 0
61 -4 -92 0
47 90 96 0
-56 47 -41 0
-48 -79 46 0
57 31 17 0
-24 -47 -46 0
56 29 -24 0
-86 75 -7 0
-95 -20 80 0
54 66 -39 0
-36 -48 -4 0
7 80 68 0
-3 57 -15 0
49 91 -36 0
14 -53 29 0
-44 2 62 0
-23 98 17 0
-80 -7 -4 0
9 24 8 0
-9 21 -28 0
-95 94 74 0
93 23 95 0
-92 98 25 0
-92 -51 68 0
-46 -79 -24 0
-93 42 -82 0
5 32 69 0
-99 -28 -46 0
45 1 18 0
-26 -30 57 0
39 71 76 0
56 15 -98 0
-67 44 -48 0
-22 -89 29 0
-26 13 77 0
-75 32 12 0
38 27 53 0
-11 52 87 0
88 58 72 0
9 15 -57 0
29 -77 -78 0
-25 23 -2 0
22 76 44 0
-68 71 58 0
-12 83 -29 0
24 -85 11 0
-59 5 42 0
90 -93 -2 0
80 -28 -42 0
-89 72 27 0
-100 -21 -11 0
64 9 -14 0
-97 -74 92 0
-80 69 70 0
-94 44 -53 0
-80 -27 68 0
-57 -97 -78 0
50 49 -52 0
81 78 75 0
-72 -12 -42 0
33 14 68 0
-83 31 54 0
95 -35 -76 0
-31 32 53 0
11 28 -45 0
95 -3 -27 0
33 -37 47 0
13 -10 45 0
-100 60 -44 0
66 -71 -73 0
-88 32 3 0
25 -48 61 0
97 89 -64 0
-66 57 -95 0
-35 -7 -94 0
-2 -91 44 0
66 41 -60 0
-86 -47 -18 0
-75 48 88 0
-46 -28 -98 0
-97 7 14 0
-31 97 -67 0
18 11 20 0
44 -49 -97 0
-33 -42 52 0
-18 -2 -91 0
-100 -93 -66 0
-55 -13 41 0
-24 40 -56 0
-9 81 95 0
-23 79 61 0
30 52 -15 0
-37 96 48 0
73 -92 55 0
-44 -36 -94 0
-30 42 -15 0
-13 -100 73 0
-98 28 -17 0
75 53 9 0
-22 13 -98 0
-45 14 -99 0
18 77 -48 0
-56 58 33 0
-68 15 -73 0
-96 -38 3 0
25 14 -58 0
-75 -98 47 0
-83 -10 22 0
51 -65 -72 0
-13 -81 4 0
-92 -68 -60 0
60 3 16 0
42 -96 16 0
-96 10 -23 0
-62 3 69 0
85 72 -65 0
84 94 79 0
35 77 19 0
99 -83 -76 0
34 -87 4 0
-3 23 50 0
34 57 -8 0
-61 -60 -92 0
-43 -75 79 0
-49 44 66 0
93 63 96 0
-73 -60 32 0
-80 93 22 0
-8 69 -25 0
-53 -83 44 0
-88 -84 -9 0
80 -73 -45 0
35 86 -85 0
1 -18 45 0
19 4 53 0
69 78 -86 0
17 -19 -68 0
-89 -82 -84 0
-67 90 -39 0
-5 -47 54 0
8 49 75 0
-20 66 61 0
32 -73 10 0
-57 64 -78 0
-98 7 -57 0
-5 63 27 0
-66 -69 12 0
-42 39 30 0
-13 -43 -53 0
-46 -89 35 0
2 -97 26 0
-93 -91 9 0
5 -16 17 0
20 9 -16 0
34 46 21 0
-74 -28 -32 0
-17 64 56 0
-23 -68 33 0
91 -5 90 0
68 46 35 0
53 48 80 0
92 47 -10 0
36 -39 80 0
-89 -12 -20 0
38 -82 -51 0
53 2 84 0
-14 -12 62 0
-84 -61 -52 0
46 34 29 0
-10 85 23 0
46 78 34 0
-70 -87 -16 0
-92 73 54 0
-68 28 -55 0
-6 -20 -85 0
-25 59 -62 0
-67 -23 27 0
-100 -71 1 0
-70 73 1 0
2 -56 -18 0
62 53 4 0
6 -44 -59 0
5 28 -87 0
-71 55 43 0
-44 55 -10 0
-55 61 -64 0
78 -51 -99 0
42 -43 32 0
2 -36 94 0
10 -24 -80 0
-49 81 -87 0
96 16 -70 0
-68 76 -80 0
-67 47 -35 0
-96 11 88 0
64 75 -33 0
-89 36 43 0
91 -53 -71 0
79 -90 7 0
49 -93 -4 0
34 -30 66 0
97 -7 18 0
9 -90 -72 0
65 -74 68 0
-20 -58 -11 0
61 -78 -31 0
-24 41 91 0
-51 -43 83 0
72 -30 24 0
71 76 61 0
86 -21 -51 0
1 -30 -25 0
-38 16 37 0
-59 51 34 0
53 69 -68 0
83 -94 -14 0
-100 35 85 0
5 -81 60 0
-39 87 -81 0
-70 -21 -33 0
81 -73 85 0
-35 -57 26 0
71 29 43 0
-24 -61 49 0
83 -27 -81 0
100 -63 -80 0
-68 89 -16 0
-32 -55 20 0
52 6 74 0
-67 -2 58 0
54 30 -19 0
91 31 26 0
-44 69 79 0
12 -1 3 0
74 86 -41 0
-45 61 34 0
-83 60 -30 0
-15 -88 97 0
81 -50 41 0
46 -52 69 0
41 -2 38 0
51 -97 73 0
70 24 -31 0
13 -98 58 0
72 37 5 0
-59 14 52 0
-48 -77 76 0
62 -6 27 0
-75 -35 -57 0
39 87 34 0
63 -19 100 0
11 65 -31 0
-36 -12 21 0
25 -71 -69 0
-73 -26 -66 0
5 59 -54 0
82 45 -38 0
3 93 -40 0
51 34 -33 0
-3 -95 88 0
58 -48 -9 0
69 -49 72 0
-2 47 -52 0
13 -26 43 0
-29 76 -96 0
-28 -17 -79 0
35 68 -20 0
-40 61 68 0
85 -36 -45 0
-22 -95 26 0
32 76 -93 0
-73 33 -100 0
-13 -14 86 0
-22 -51 -3 0
64 -4 33 0
57 -64 -1 0
-81 -69 -46 0
16 -97 71 0
39 24 -31 0
75 -83 -59 0
63 89 12 0
-68 -77 -20 0
-8 -23 -79 0
19 14 -87 0
31 -67 72 0
32 51 46 0
30 34 4 0
25 -78 -48 0
-56 100 71 0
-16 38 85 0
1 9 -16 0
38 60 -47 0
9 -29 -88 0
-59 45 -92 0
77 26 54 0
32 -48 22 0
93 10 -18 0
-73 14 31 0
-50 49 -35 0
-100 91 -59 0
31 -58 -15 0
45 -30 -71 0
95 -25 72 0
-3 43 10 0
52 40 -20 0
74 42 -50 0
69 -83 -40 0
-7 65 -60 0
43 -92 -53 0
64 -9 99 0
-83 -22 -43 0
2 21 -89 0
57 55 16 0
94 -24 -68 0
-98 25 17 0
47 -95 -57 0
-31 62 15 0
56 52 49 0
31 41 -98 0
11 91 -5 0
-91 77 -62 0
32 -7 25 0
-25 -34 -16 0
92 -44 -38 0
-8 52 -37 0
-77 69 6 0
-52 64 19 0
25 70 63 0
23 -40 -16 0
-25 -31 -89 0
57 -82 15 0
-16 24 81 0
46 -47 96 0
86 44 -57 0
13 -73 -59 0
15 -65 86 0
54 89 44 0
-80 85 -97 0
-55 53 -81 0
56 -98 2 0
39 -2 6 0
-3 -34 -57 0
71 -55 -33 0
-23 35 -39 0
23 38 -84 0
96 -9 25 0
-36 13 -45 0
-43 -92 -37 0
87 -41 -61 0
34 45 71 0
-23 35 41 0
71 -94 -63 0
-86 -34 -2 0
79 53 4 0
66 -25 -39 0
-55 81 -29 0
86 66 -84 0
-30 13 66 0
51 96 -65 0
-59 63 27 0
88 52 -42 0
92 -35 10 0
-43 -4 -47 0
96 -67 16 0
20 -16 32 0
72 -22 30 0
-20 46 89 0
91 92 -9 0
52 79 51 0
-48 -89 55 0
91 -28 -11 0
-98 -6 -87 0
-10 -41 -58 0
-40 83 44 0
-16 11 -49 0
87 -27 -29 0
-48 -65 98 0
-58 38 79 0
-36 82 -8 0
-55 52 87 0
-44 -35 -79 0
22 82 52 0
55 -1 48 0
68 -13 25 0
-85 -97 -73 0
-36 -76 12 0
-62 71 46 0
9 13 -42 0
48 -27 -86 0
73 26 -80 0
29 -40 88 0
-92 22 72 0
-94 20 30 0
40 -11 9 0
70 -74 61 0
-84 7 16 0
96 71 -24 0
-37 -3 88 0
-13 -67 89 0
20 29 83 0
6 14 -88 0
-78 -57 36 0
-52 -71 12 0
-47 20 8 0
54 18 -70 0
76 43 36 0
60 76 -45 0
-10 -41 40 0
