c instance by G2
c solution = 1001000110110011110001010100111001100111000000101001100111100010000001100000000101011111001010111111
c Known solution cost is 2062 
p cnf 100 5000
w 9 53 59 57 52 9 79 39 4 15 21 46 39 92 2 73 15 20 16 46 66 2 4 7 21 9 17 94 41 63 92 1 15 50 57 66 10 87 56 65 2 76 10 92 68 11 64 82 30 79 79 47 32 83 6 4 43 22 98 83 84 41 83 50 43 91 67 4 77 23 69 78 98 30 70 17 41 85 51 22 16 29 21 47 11 26 51 5 47 100 87 83 92 21 84 86 11 51 90 40
45 -5 93 0
84 -40 17 0
32 -94 -66 0
-22 -62 17 0
92 91 -59 0
-40 63 14 0
-83 -80 -6 0
52 21 36 0
-70 8 -59 0
-75 28 18 0
99 -59 48 0
-97 -81 -35 0
4 -39 63 0
-41 -94 91 0
60 61 17 0
35 -14 37 0
-6 32 21 0
88 -43 -14 0
97 -5 73 0
100 -11 -22 0
-31 96 -69 0
-67 -5 18 0
90 49 -100 0
-17 -69 96 0
39 68 -9 0
64 -68 28 0
-70 -46 -94 0
-27 -25 -4 0
74 -41 28 0
5 86 73 0
78 -27 -14 0
59 -9 -94 0
-68 71 33 0
77 78 -33 0
-21 -91 32 0
12 -74 -4 0
-5 -1 26 0
52 5 1 0
-79 84 50 0
-1 -15 99 0
84 37 98 0
44 -4 -68 0
78 -65 -60 0
-67 -100 82 0
80 45 -72 0
-15 79 4 0
48 -13 -26 0
-71 47 32 0
-27 -45 -91 0
-20 -38 10 0
-76 -86 69 0
-28 25 59 0
37 -85 84 0
68 60 -13 0
29 -22 -99 0
-83 13 -60 0
-78 74 -2 0
25 -70 -43 0
-96 93 -7 0
-40 9 -3 0
15 -49 13 0
-36 -2 -45 0
18 -21 14 0
77 -28 -69 0
4 58 -72 0
36 66 -94 0
-70 61 -3 0
-42 54 95 0
-18 -88 97 0
35 -37 41 0
-63 30 -44 0
80 -51 13 0
-25 -59 39 0
88 36 -23 0
55 79 8 0
-92 15 38 0
-46 36 47 0
-68 -7 -63 0
-100 -78 -26 0
54 68 15 0
39 -13 94 0
48 6 39 0
-94 19 -36 0
25 -77 75 0
100 99 -12 0
25 67 -74 0
-41 -20 12 0
-12 -7 71 0
20 -37 -86 0
-21 -100 -8 0
77 -67 -18 0
4 -3 -34 0
99 -35 -5 0
-22 -74 -91 0
-32 54 -39 0
91 -100 -82 0
21 19 86 0
67 86 35 0
35 -51 16 0
65 -41 -53 0
-97 -28 -90 0
-70 31 -13 0
53 -15 -97 0
-35 -27 34 0
46 34 2 0
-83 -91 -97 0
21 -52 12 0
-32 84 -24 0
-42 99 82 0
14 34 -62 0
44 12 74 0
-62 19 12 0
-3 6 -50 0
-52 90 99 0
20 78 49 0
-31 -9 71 0
22 -52 -27 0
-12 40 91 0
-22 -39 -50 0
9 -21 -72 0
9 -33 -89 0
-76 29 11 0
93 -27 14 0
44 -75 72 0
-36 -92 38 0
50 4 -40 0
-16 -73 -86 0
-69 -86 -40 0
24 -72 22 0
85 64 2 0
-25 15 46 0
-79 80 33 0
-19 25 -84 0
46 -14 48 0
85 -42 -47 0
80 -71 -13 0
-45 59 -62 0
9 96 -18 0
-78 82 -65 0
68 -45 -43 0
88 60 -61 0
83 -43 -42 0
54 -48 92 0
-69 -46 42 0
65 84 63 0
-66 -86 18 0
87 -32 82 0
61 -95 -54 0
25 -19 90 0
-21 30 -26 0
-62 88 44 0
61 -13 -65 0
82 -68 58 0
-23 94 93 0
-71 96 -68 0
-14 -83 62 0
49 94 -84 0
-86 -55 54 0
100 -32 82 0
-73 14 -5 0
52 7 39 0
-29 -65 -43 0
22 -95 -28 0
49 -87 48 0
59 -29 69 0
24 -92 -86 0
-13 10 3 0
-61 -49 -17 0
-98 91 70 0
9 82 74 0
55 63 45 0
79 75 70 0
25 3 -90 0
-42 33 -8 0
62 63 8 0
-82 41 16 0
49 5 63 0
-91 -47 31 0
55 -65 -72 0
43 89 86 0
-52 3 -10 0
-22 -79 -68 0
-41 -5 -74 0
-95 -67 70 0
-44 46 27 0
24 11 -73 0
-85 30 -38 0
48 -19 -40 0
-99 91 -84 0
8 -91 44 0
12 97 16 0
-64 83 -39 0
39 5 -23 0
10 7 80 0
56 60 69 0
42 -54 53 0
-57 -74 51 0
-60 25 -1 0
92 -42 -68 0
-37 -47 -17 0
-32 -49 69 0
-21 99 -92 0
79 -94 -82 0
-24 11 80 0
-22 87 -52 0
98 83 35 0
-96 28 58 0
-68 -51 -90 0
-65 27 28 0
-28 51 -44 0
1 82 -33 0
11 -96 75 0
43 -3 34 0
-67 -73 -24 0
55 -97 12 0
-73 -41 -69 0
1 68 -92 0
41 19 52 0
-32 71 36 0
74 -94 57 0
19 -29 -36 0
56 -86 27 0
-44 36 6 0
1 9 68 0
79 16 69 0
73 9 70 0
13 -78 -90 0
50 31 70 0
56 51 -62 0
-24 -20 100 0
-9 98 -4 0
-98 31 65 0
22 -8 -17 0
2 93 -62 0
39 -19 7 0
-30 98 62 0
83 100 61 0
65 -79 -82 0
-92 -86 29 0
59 -22 -18 0
-3 41 -4 0
-34 47 -10 0
64 -68 -29 0
-46 -83 76 0
-5 89 54 0
-17 30 92 0
17 94 -85 0
-14 -46 -86 0
85 -47 -48 0
27 63 -70 0
-24 -6 -63 0
29 45 -3 0
53 30 68 0
83 58 55 0
-4 -96 82 0
-83 -25 74 0
-23 91 99 0
-75 -21 -2 0
-36 -13 -71 0
2 34 -46 0
55 -58 9 0
-91 53 -1 0
-95 -65 22 0
24 64 36 0
5 -24 -48 0
-61 16 -44 0
72 -19 -65 0
28 -94 96 0
52 35 54 0
-85 -66 -67 0
98 23 -38 0
-57 59 -50 0
-50 94 49 0
84 -64 54 0
94 56 -18 0
-8 -99 -25 0
96 -19 -49 0
2 36 34 0
60 77 -33 0
64 52 -17 0
-2 81 22 0
-5 12 -63 0
-50 -58 92 0
-77 71 92 0
75 -2 87 0
-8 -76 78 0
-35 -37 15 0
-62 1 72 0
97 37 -25 0
-4 93 12 0
83 -67 -78 0
-23 57 35 0
-89 73 47 0
46 57 -77 0
-69 -3 -51 0
7 76 -42 0
-86 -74 -3 0
67 -50 33 0
-41 56 -30 0
14 7 93 0
-34 80 57 0
5 2 84 0
-40 88 1 0
4 61 -41 0
-65 46 81 0
79 95 -89 0
88 -7 79 0
89 -31 91 0
-61 89 -15 0
-10 -52 -91 0
42 -21 44 0
3 -12 58 0
35 67 -95 0
53 -19 18 0
-98 -88 -64 0
-95 71 35 0
-53 15 -99 0
-66 16 56 0
80 49 34 0
-88 60 -14 0
87 -70 -61 0
6 -64 33 0
88 -42 -25 0
21 -62 81 0
4 2 66 0
97 38 -30 0
-78 -49 -27 0
98 53 -36 0
98 90 -16 0
76 -11 9 0
-3 -42 35 0
10 -33 40 0
30 -55 -10 0
-84 60 -2 0
3 79 -33 0
-27 44 14 0
-87 -36 -42 0
85 69 37 0
-76 7 58 0
36 12 -31 0
-89 20 -34 0
67 69 -33 0
-1 -100 -67 0
-40 85 -84 0
-68 -63 17 0
49 -39 4 0
-83 -19 30 0
-57 7 70 0
-67 13 21 0
-41 54 23 0
-3 -16 96 0
11 88 -57 0
-72 -7 -44 0
-11 64 -92 0
-94 17 -65 0
13 -80 -7 0
-19 38 45 0
-29 -69 -81 0
-77 -11 66 0
65 39 -9 0
21 57 -53 0
-13 -51 80 0
21 100 -19 0
-68 45 15 0
-68 94 62 0
-93 -22 99 0
85 58 63 0
40 52 -18 0
16 10 47 0
17 21 97 0
-46 21 17 0
11 -98 -48 0
37 45 -60 0
-18 -28 -33 0
-6 85 -8 0
61 -13 -19 0
71 -100 81 0
-69 66 -8 0
-4 -64 27 0
-44 -17 32 0
-2 -11 -26 0
48 43 -89 0
-19 -86 -27 0
-49 -75 -12 0
-52 -37 3 0
-33 82 -61 0
22 -38 -67 0
-34 99 65 0
-61 -26 -98 0
97 -42 -90 0
-51 -68 72 0
-76 -40 -67 0
1 -55 98 0
99 -18 79 0
-86 -45 -51 0
87 93 6 0
-30 62 -7 0
-7 -28 39 0
-78 64 -41 0
-82 -83 90 0
-26 -32 94 0
-89 -4 -57 0
24 -1 -49 0
-24 59 78 0
-41 -79 -35 0
12 96 57 0
17 11 80 0
-30 6 1 0
76 39 9 0
70 -62 -88 0
-35 40 -1 0
-12 68 -7 0
-9 -2 1 0
92 -74 67 0
-88 -68 36 0
-32 66 -25 0
-40 38 -82 0
28 53 -92 0
-2 95 -100 0
4 97 -21 0
-12 -75 -65 0
90 57 68 0
-24 -7 -62 0
8 96 61 0
-21 71 -37 0
31 35 72 0
48 9 41 0
4 -61 -29 0
-79 30 37 0
60 -45 75 0
-21 75 19 0
89 12 29 0
93 -40 -18 0
-13 -57 60 0
41 61 17 0
-56 25 85 0
-74 6 -20 0
64 -83 53 0
44 -78 -4 0
41 -90 -98 0
-38 55 39 0
-19 32 -6 0
77 -8 -62 0
35 -18 7 0
-2 -70 -47 0
45 15 70 0
89 80 -64 0
8 -48 -17 0
-99 -53 -10 0
56 -72 2 0
-15 26 -27 0
-67 66 88 0
88 -31 -30 0
-55 -85 23 0
-96 93 -84 0
72 -89 82 0
-68 52 13 0
65 -79 89 0
30 5 70 0
42 -91 8 0
18 35 70 0
49 -88 -35 0
-11 -14 -66 0
85 -50 87 0
56 18 -30 0
-37 -15 -11 0
59 77 -92 0
-26 74 22 0
53 -63 -100 0
39 34 -98 0
53 96 -44 0
-64 -19 89 0
-19 -57 28 0
11 30 -82 0
-10 53 20 0
-53 70 -68 0
55 -60 96 0
27 15 78 0
7 87 -67 0
54 -18 63 0
-41 -80 -100 0
85 26 -52 0
91 -94 -58 0
-37 -55 52 0
-45 90 6 0
-21 -2 5 0
-52 -12 91 0
85 79 21 0
63 80 -62 0
58 -87 -99 0
-36 -38 -51 0
-45 -54 89 0
-16 -77 -88 0
81 67 -44 0
-41 -48 -52 0
11 -100 23 0
-28 -73 -97 0
-58 56 -38 0
95 12 -39 0
48 -83 12 0
6 48 -13 0
-79 -63 56 0
-94 72 48 0
-40 34 81 0
27 -63 -66 0
-32 34 -72 0
-43 -36 -79 0
-66 88 92 0
39 14 -28 0
19 -100 38 0
-93 -57 -66 0
65 18 56 0
98 96 63 0
-54 41 -23 0
12 91 -78 0
45 26 36 0
-71 -64 -7 0
56 19 -82 0
1 -31 -49 0
-3 -31 5 0
-22 -41 -16 0
30 -9 -62 0
18 44 29 0
-29 -6 86 0
-23 -56 54 0
-13 -17 -99 0
19 58 -7 0
60 -74 30 0
12 53 80 0
63 24 5 0
-49 85 -87 0
47 17 -67 0
36 72 -73 0
86 9 59 0
89 -92 -58 0
86 29 -82 0
32 -76 73 0
40 -75 2 0
88 97 73 0
62 89 -20 0
-34 -11 96 0
23 -73 7 0
-62 95 1 0
85 9 34 0
-50 30 72 0
19 97 76 0
83 -63 -23 0
-1 -94 -100 0
-18 -56 40 0
33 -91 95 0
74 -28 70 0
12 22 1 0
8 70 72 0
39 -29 49 0
38 -20 -11 0
16 -100 -75 0
-94 -92 27 0
-58 92 100 0
29 -8 79 0
90 13 -72 0
33 71 -34 0
95 -15 53 0
95 81 -48 0
-97 18 16 0
77 12 3 0
11 22 25 0
-74 15 -28 0
70 -72 -98 0
65 -79 34 0
-55 -7 6 0
-32 -19 -57 0
31 77 -47 0
7 87 -63 0
16 77 29 0
-35 -75 34 0
-1 38 -16 0
-27 -85 14 0
18 -4 6 0
19 -60 73 0
31 13 -59 0
-69 -81 34 0
-64 -94 4 0
-7 86 91 0
58 27 4 0
47 -46 21 0
-51 49 75 0
-34 -83 22 0
27 -25 34 0
-47 62 8 0
-81 88 91 0
40 53 97 0
65 -15 -75 0
89 73 -3 0
-46 -66 -48 0
-19 -97 -57 0
58 -63 83 0
37 -7 31 0
-20 84 59 0
53 -84 -70 0
82 73 -15 0
27 -3 -44 0
33 56 -83 0
-32 -60 -33 0
-40 -56 -2 0
-54 49 -21 0
-46 92 -1 0
-62 -64 -60 0
-59 -99 11 0
-51 -67 70 0
24 67 22 0
-75 -88 27 0
91 89 88 0
42 5 39 0
-68 48 -42 0
48 8 -32 0
-54 72 -7 0
34 87 -11 0
-35 97 77 0
-34 85 -36 0
33 -46 -18 0
9 -97 -30 0
67 -3 -66 0
63 -12 -73 0
19 -85 53 0
80 -69 -43 0
-42 -75 81 0
57 23 -91 0
-46 -35 59 0
25 10 -44 0
-43 -78 61 0
15 -27 -16 0
-8 -19 -25 0
-45 -12 15 0
-10 -12 89 0
90 -74 -75 0
-89 -64 87 0
-74 18 -66 0
71 4 74 0
70 -30 12 0
-1 -66 -32 0
-71 -20 16 0
-93 59 -8 0
-29 13 -7 0
-65 28 36 0
-71 100 -63 0
21 -44 48 0
57 -78 -100 0
-17 -45 5 0
100 77 15 0
-1 87 9 0
-24 61 11 0
-73 99 15 0
-40 -67 -96 0
-30 -45 84 0
11 89 31 0
78 4 -22 0
-40 -14 -86 0
22 -38 59 0
-3 -10 -60 0
7 -37 -38 0
32 76 -14 0
71 88 23 0
-1 47 38 0
74 -5 -1 0
-63 -35 -83 0
35 -84 -89 0
-25 70 3 0
-98 -51 -41 0
93 38 50 0
79 48 80 0
-32 64 87 0
32 95 -66 0
-37 100 -64 0
87 -50 35 0
-1 95 50 0
-100 -66 47 0
92 -74 79 0
66 24 -93 0
27 -26 -19 0
3 -32 -100 0
78 67 -62 0
91 -62 -18 0
-56 44 -67 0
35 -5 -99 0
-37 -4 41 0
41 -86 -66 0
-8 31 43 0
-95 -89 -35 0
-61 59 11 0
17 -1 46 0
53 -32 84 0
18 16 -50 0
-2 -23 6 0
48 87 86 0
-10 35 -27 0
76 54 95 0
67 -37 58 0
89 -44 23 0
46 30 -14 0
-100 -15 26 0
-6 -82 77 0
43 -19 -10 0
-12 85 -14 0
-70 32 -68 0
-79 -17 -89 0
55 -2 -70 0
-93 -69 -12 0
95 8 96 0
-19 7 -20 0
26 90 98 0
30 -85 69 0
80 -91 21 0
-75 -27 -100 0
-48 -20 23 0
-46 -31 -24 0
24 -87 36 0
-39 82 -63 0
-52 65 -69 0
91 34 -44 0
-14 6 -13 0
13 -75 21 0
-19 36 18 0
-40 38 33 0
45 -33 -36 0
-15 8 -37 0
22 -73 87 0
-29 -10 -92 0
26 -64 -1 0
69 -61 -22 0
-19 -8 34 0
-43 -65 -64 0
-56 38 11 0
73 -65 -99 0
65 -22 96 0
89 -13 26 0
-95 -40 -37 0
25 -81 58 0
-32 -23 -63 0
-94 40 16 0
-1 52 97 0
-66 48 5 0
26 29 79 0
-48 59 -13 0
-71 -62 -61 0
2 -43 -56 0
65 91 -11 0
-54 8 -42 0
37 48 -72 0
-58 21 86 0
32 -29 -36 0
59 8 80 0
57 -8 23 0
-19 -58 -56 0
45 -60 -6 0
-25 37 -80 0
19 -73 97 0
39 -58 -89 0
-18 44 -7 0
89 -93 30 0
-46 73 -42 0
-80 -5 46 0
-95 15 97 0
99 -77 33 0
31 33 95 0
-32 37 40 0
28 16 -89 0
60 -39 -90 0
91 23 -92 0
-3 25 -65 0
-22 -94 -18 0
39 -96 -18 0
73 -52 53 0
66 -9 -65 0
18 -98 -30 0
64 -37 49 0
-88 -32 -59 0
-69 49 -46 0
51 85 -26 0
-58 94 -54 0
73 87 5 0
7 75 -67 0
-43 -34 -26 0
72 -89 23 0
-47 -25 24 0
-11 -67 -54 0
99 -58 69 0
70 75 49 0
-43 -3 -99 0
-51 -49 -42 0
86 -89 -38 0
-49 42 87 0
-43 82 -27 0
-2 51 -18 0
-82 24 4 0
66 -96 31 0
23 73 -2 0
71 7 -88 0
-17 24 -2 0
65 -31 26 0
-62 -87 -11 0
-60 -82 78 0
-1 30 -63 0
29 -58 34 0
7 16 98 0
55 91 -36 0
-5 -4 -29 0
44 -92 -23 0
89 28 91 0
24 -53 -50 0
-69 66 16 0
-40 -93 -25 0
-46 -8 5 0
-69 76 60 0
73 47 -71 0
87 -73 91 0
87 26 -24 0
-26 87 75 0
-93 -67 5 0
-63 1 71 0
100 -41 66 0
18 99 -51 0
56 83 57 0
-9 82 89 0
-82 -94 -89 0
70 27 28 0
79 -45 -6 0
-38 -75 -81 0
-67 9 -11 0
50 -55 68 0
-58 12 92 0
-88 -67 -31 0
26 -16 -86 0
34 98 97 0
-70 48 15 0
-42 -41 -14 0
35 -45 -22 0
64 18 93 0
83 -75 97 0
-69 3 -31 0
76 -53 91 0
13 -95 -25 0
-99 22 -79 0
26 90 73 0
-17 91 -95 0
68 -90 -81 0
70 -8 -25 0
-43 23 -20 0
44 9 52 0
-28 -49 -63 0
-26 -10 -98 0
62 82 -59 0
-100 98 6 0
-48 34 -33 0
-6 4 -64 0
-73 58 -78 0
36 -64 84 0
-41 -27 93 0
68 -89 -7 0
13 -51 -50 0
-69 19 55 0
-76 -36 93 0
-90 58 -38 0
-91 -67 -63 0
-31 -1 53 0
79 28 -83 0
-82 29 38 0
-39 -65 -52 0
-58 46 24 0
-48 92 24 0
-6 36 -89 0
29 40 -23 0
-43 -73 80 0
49 -37 -43 0
-68 -55 -27 0
19 4 37 0
-2 75 53 0
-5 -100 -57 0
-3 -48 62 0
69 99 -10 0
-59 56 -19 0
-57 26 -92 0
81 59 13 0
-95 -60 -3 0
58 -53 50 0
-6 -49 -33 0
-17 84 -10 0
-35 -68 -90 0
-68 -40 -6 0
-10 -4 89 0
-46 17 -23 0
-30 -71 11 0
74 70 -39 0
76 16 2 0
-60 -51 -4 0
-36 -9 16 0
-99 -8 -55 0
45 16 48 0
-38 11 -35 0
-1 63 61 0
60 51 -65 0
-2 92 -79 0
7 -21 16 0
75 -72 43 0
-95 27 -68 0
63 -79 83 0
-3 12 -59 0
62 -9 -6 0
-58 -52 -28 0
-32 50 -25 0
32 -78 44 0
-22 30 61 0
-52 67 85 0
70 -12 -87 0
-36 64 21 0
-86 52 90 0
15 -1 -68 0
-44 -53 -22 0
-31 98 -93 0
-33 -19 -64 0
18 -86 -40 0
67 -79 45 0
-52 -99 -66 0
-98 7 99 0
-25 -34 -42 0
76 -73 -93 0
-23 -78 60 0
-47 -58 52 0
54 74 39 0
80 25 -75 0
-74 43 39 0
-20 19 6 0
78 59 -50 0
-66 93 52 0
-5 -34 27 0
15 -52 3 0
-68 54 -70 0
-95 -92 79 0
68 -20 85 0
9 -54 -30 0
-30 -11 8 0
-84 88 2 0
-91 -95 -76 0
-79 -23 -68 0
75 12 -79 0
-15 74 -33 0
60 84 -67 0
-77 -95 98 0
-47 51 98 0
83 -46 -62 0
17 24 -63 0
1 -60 -85 0
-54 76 -37 0
-85 100 -71 0
-75 58 -3 0
31 -79 -7 0
100 2 54 0
61 -93 -37 0
-3 -40 85 0
42 87 22 0
-38 -27 -75 0
-94 18 50 0
41 94 96 0
33 95 -92 0
37 -36 -9 0
59 -4 -10 0
-24 44 -25 0
19 -53 -55 0
-72 49 -88 0
-54 56 -12 0
-51 88 29 0
62 6 30 0
40 69 -86 0
-63 -68 5 0
41 -64 67 0
38 -59 -15 0
-60 12 -37 0
93 -84 34 0
97 -61 89 0
12 -22 6 0
39 62 -61 0
-65 -30 61 0
23 -7 63 0
-19 62 85 0
-38 -25 -99 0
-54 94 -45 0
24 -12 90 0
-22 86 -97 0
-66 91 63 0
56 65 -32 0
44 -89 -61 0
-30 86 -46 0
-24 19 -32 0
-57 25 -89 0
91 -47 -86 0
-37 -60 13 0
-84 -96 15 0
-72 -9 -63 0
-54 -7 70 0
84 -97 79 0
18 82 -43 0
5 38 99 0
74 -50 21 0
69 -32 -86 0
12 -51 24 0
-40 50 -2 0
34 19 72 0
-20 92 17 0
68 -93 17 0
89 -23 49 0
-13 52 -47 0
-51 -32 49 0
-77 -54 -13 0
28 -35 -66 0
-28 3 -88 0
-30 25 15 0
-83 70 39 0
61 38 -64 0
32 -9 -69 0
-10 61 22 0
41 79 -46 0
93 -56 -24 0
-43 -94 -15 0
-15 -3 57 0
-75 74 39 0
11 55 58 0
33 -43 79 0
-47 -17 -77 0
15 29 -83 0
26 -58 -44 0
-50 90 -76 0
-95 -8 16 0
56 71 -12 0
-23 -40 -49 0
-33 -21 75 0
-86 99 98 0
-68 -56 -88 0
-82 -28 1 0
-53 48 -23 0
-15 49 -72 0
-50 -45 32 0
55 19 -68 0
64 -17 -76 0
-81 -39 -87 0
-83 93 -50 0
72 -15 -19 0
32 31 27 0
-68 -11 -22 0
75 -13 24 0
-18 -94 -27 0
-65 -26 88 0
-6 -75 -100 0
-70 -91 47 0
-82 -61 -36 0
32 -82 -75 0
-65 -87 -89 0
25 94 -41 0
-23 56 4 0
61 40 -12 0
-24 -80 -42 0
47 -99 -14 0
31 21 76 0
-18 -89 63 0
-78 -9 1 0
-22 17 -56 0
-26 -66 -92 0
-63 -68 -38 0
-47 -64 -7 0
-36 59 50 0
100 -70 55 0
12 -49 -28 0
-62 39 43 0
8 44 17 0
88 -46 -80 0
94 85 -29 0
30 -91 29 0
-18 -25 -33 0
-66 -18 -86 0
71 -91 92 0
64 4 60 0
-47 -3 -63 0
-61 -76 96 0
-65 -77 -4 0
22 -9 -4 0
-75 9 -84 0
-65 -35 68 0
29 -2 53 0
-93 48 -66 0
-31 52 -47 0
-23 -64 -100 0
94 -6 68 0
-57 97 82 0
-52 -46 -59 0
5 26 -85 0
86 -31 -56 0
-65 25 -59 0
-59 -25 -48 0
-91 49 42 0
-32 6 -70 0
-6 79 -95 0
29 -50 51 0
-6 -96 -63 0
-72 36 -66 0
-65 -71 -22 0
51 -31 85 0
-13 -19 36 0
-10 91 -38 0
40 -50 76 0
48 26 -73 0
11 -64 -80 0
25 61 -37 0
24 25 27 0
42 -15 87 0
27 -98 -45 0
-25 71 -84 0
86 -77 -72 0
81 -60 -41 0
38 -97 -46 0
57 -49 26 0
-55 94 10 0
53 93 24 0
32 -20 -55 0
-38 -88 1 0
54 58 22 0
-66 50 36 0
57 10 -50 0
-43 53 63 0
94 -11 57 0
-70 44 1 0
59 74 97 0
-72 -83 80 0
73 42 57 0
-23 41 -68 0
90 -55 47 0
-47 -27 32 0
88 20 99 0
18 21 95 0
-75 76 17 0
-33 21 45 0
16 36 -44 0
-32 -42 82 0
-73 -87 56 0
39 95 85 0
-56 -74 -7 0
-53 -79 43 0
-100 18 -6 0
-2 -38 -95 0
42 -61 3 0
17 -31 21 0
-62 -32 50 0
25 -22 4 0
9 -15 29 0
96 17 -63 0
-20 50 -91 0
52 40 65 0
-86 -92 46 0
-42 -78 56 0
56 3 21 0
-62 80 -54 0
-50 -8 -42 0
-61 90 35 0
-9 57 -32 0
-68 9 63 0
24 89 -82 0
17 -32 -18 0
-77 26 65 0
7 53 54 0
-20 60 14 0
-79 14 -55 0
61 -28 37 0
-46 52 -30 0
7 50 -94 0
22 -56 44 0
-45 -52 -17 0
76 -22 26 0
73 -63 9 0
12 37 -25 0
61 10 -90 0
43 19 -50 0
-12 35 -39 0
-12 52 96 0
66 -76 88 0
87 -70 38 0
-26 12 94 0
-51 69 10 0
57 42 -50 0
-41 60 -71 0
-54 81 1 0
-84 -42 6 0
-47 16 8 0
-12 34 59 0
90 -60 -52 0
-53 4 -36 0
-18 9 -40 0
22 87 -90 0
-84 87 77 0
-13 95 49 0
61 17 -41 0
14 34 13 0
16 -5 -52 0
-77 -67 -96 0
86 -11 -92 0
31 99 -80 0
72 -69 -5 0
-69 2 -31 0
-25 30 -39 0
15 68 -63 0
-99 -23 31 0
-34 -25 58 0
70 65 96 0
-74 -29 28 0
-32 -20 25 0
72 -85 24 0
-12 17 94 0
51 91 -52 0
53 -54 37 0
4 76 -74 0
-63 93 -91 0
-21 -90 82 0
21 100 -41 0
73 -85 88 0
75 80 -44 0
30 8 -10 0
26 -9 66 0
-88 81 95 0
-5 46 45 0
51 6 -77 0
-25 9 78 0
-48 69 -45 0
4 26 78 0
-75 25 -19 0
90 -60 -34 0
40 -58 -43 0
-98 -78 -26 0
-90 49 56 0
58 4 8 0
42 -53 17 0
-24 17 7 0
26 43 -96 0
-59 -97 -94 0
7 99 87 0
68 -21 -34 0
-46 69 -11 0
70 -31 56 0
-50 94 -88 0
-83 -89 61 0
-27 -54 -24 0
66 -94 -35 0
-76 -9 53 0
61 86 13 0
55 -47 -27 0
-96 58 27 0
16 -40 -27 0
22 -63 78 0
11 -6 -35 0
30 -26 41 0
22 -61 17 0
-73 76 -41 0
-89 -18 -100 0
65 -87 96 0
-58 -3 -19 0
-1 93 21 0
56 11 59 0
-30 -91 26 0
-18 36 -13 0
-77 54 -29 0
65 71 70 0
88 -66 -43 0
-52 -41 -72 0
30 -24 26 0
88 18 30 0
-16 -60 -68 0
-65 -36 45 0
22 -34 66 0
59 -86 -29 0
24 34 -56 0
84 29 55 0
-17 -55 77 0
-97 83 80 0
-68 79 -89 0
-16 -83 68 0
62 -20 -24 0
72 -53 -89 0
11 53 37 0
-38 51 93 0
-64 -95 54 0
30 65 -32 0
-33 -44 83 0
3 28 34 0
80 35 -62 0
-54 -96 -31 0
38 95 -86 0
-63 59 -22 0
70 83 -85 0
-74 -64 -25 0
49 -48 1 0
94 -68 64 0
-49 35 -71 0
-33 -75 -26 0
-15 -64 -46 0
-74 -67 -27 0
95 -51 -33 0
-40 -72 9 0
-2 -100 -44 0
54 -16 -77 0
95 42 27 0
74 -66 -69 0
-85 -46 -49 0
-71 -14 53 0
-9 -73 23 0
-48 -1 -88 0
-70 -61 33 0
-50 82 9 0
73 -97 15 0
49 -71 98 0
-18 71 14 0
32 -46 -99 0
-80 18 -87 0
65 1 29 0
54 31 58 0
-77 26 8 0
85 34 -74 0
81 56 -7 0
64 53 9 0
18 8 15 0
11 93 23 0
-19 -79 -2 0
56 -94 31 0
-42 -63 66 0
-89 55 -38 0
-60 -50 -85 0
-1 -19 -87 0
-68 -8 -80 0
-51 -98 82 0
-79 -71 64 0
24 54 33 0
-80 -26 -21 0
-62 29 -85 0
41 -48 -76 0
-25 -52 83 0
-38 -19 -16 0
95 74 -48 0
-42 -66 -57 0
-44 -56 -38 0
18 -45 -3 0
11 -99 -36 0
-93 84 77 0
48 16 58 0
-48 60 22 0
31 5 -48 0
-1 -88 12 0
74 68 -33 0
-70 25 -89 0
99 -57 9 0
33 -78 -57 0
25 63 -12 0
86 98 85 0
-10 87 -17 0
18 98 -14 0
-57 -72 89 0
-63 -99 -14 0
24 45 60 0
-76 51 75 0
100 67 -53 0
-30 -70 40 0
35 75 74 0
-70 -74 59 0
-77 63 -87 0
61 71 -43 0
-8 97 -25 0
-80 -43 19 0
70 -76 29 0
33 11 1 0
-92 -21 -20 0
-40 -34 47 0
67 64 -50 0
82 -9 -36 0
88 23 -25 0
79 58 -66 0
65 -20 -87 0
65 16 -1 0
26 -7 -23 0
24 97 -72 0
-93 -16 84 0
87 35 -81 0
12 -75 -66 0
-44 7 28 0
-92 -100 -81 0
-94 12 15 0
-77 6 81 0
58 -44 -42 0
-45 98 42 0
14 -66 50 0
83 26 -87 0
-34 4 -9 0
56 -48 75 0
76 -83 -36 0
-97 -20 -24 0
77 54 52 0
-71 90 -55 0
-67 -44 -26 0
-3 -38 -74 0
53 54 -46 0
51 -88 100 0
64 4 73 0
-83 62 53 0
-70 -78 99 0
-34 -83 89 0
65 12 -59 0
-58 21 -44 0
51 -20 22 0
-23 -34 69 0
-76 62 91 0
43 35 81 0
81 39 -24 0
27 -69 -60 0
-5 70 57 0
71 -27 83 0
-60 86 96 0
93 -70 -71 0
24 -45 22 0
87 -72 -33 0
-57 -25 37 0
23 -92 62 0
61 -77 69 0
16 -65 -58 0
95 52 79 0
-27 -93 -4 0
13 -62 -38 0
-41 92 -9 0
-70 11 30 0
20 -64 -9 0
-76 97 -77 0
37 42 -77 0
18 -2 -9 0
-6 -27 18 0
-67 -17 -26 0
-50 67 15 0
-62 41 30 0
31 -67 30 0
-43 -53 100 0
-81 2 52 0
-99 -71 -78 0
-87 -24 -13 0
53 -62 46 0
-97 99 96 0
85 -42 94 0
-30 29 19 0
-84 91 12 0
51 -31 -2 0
-52 35 95 0
-21 37 -19 0
47 82 -63 0
76 -77 -1 0
17 41 -91 0
3 -95 -43 0
-94 -57 -46 0
-59 43 30 0
-45 44 -58 0
-18 87 -20 0
-5 96 -56 0
93 -29 19 0
57 -19 54 0
79 -11 22 0
-80 -75 -47 0
43 -5 56 0
92 -7 26 0
-29 96 5 0
13 99 90 0
-84 -32 -63 0
-29 -48 93 0
-13 95 -77 0
31 67 72 0
-93 -25 51 0
41 13 -66 0
18 86 20 0
74 -54 -89 0
-73 -51 90 0
-32 -72 -83 0
-70 17 -10 0
50 83 70 0
-48 -72 6 0
-29 10 -55 0
-48 90 7 0
-54 17 82 0
-9 99 -72 0
45 18 10 0
63 34 33 0
34 -95 -88 0
42 -77 -29 0
-64 -53 -55 0
7 -28 -31 0
7 97 4 0
-95 87 -53 0
50 -68 -96 0
-30 92 -33 0
14 25 59 0
62 -60 -70 0
45 15 65 0
32 70 -33 0
21 26 25 0
-77 59 -64 0
25 -10 -9 0
-14 87 9 0
-27 -41 98 0
-51 60 -56 0
98 -61 93 0
40 47 68 0
-25 4 -17 0
-48 38 11 0
-91 -5 56 0
92 -42 -10 0
61 -8 15 0
55 -67 50 0
45 98 -3 0
-45 36 -88 0
3 44 52 0
-59 -28 64 0
-50 -77 59 0
-33 -37 11 0
-12 -33 -47 0
-59 -36 -15 0
-48 56 -78 0
42 70 -45 0
22 46 11 0
12 51 -95 0
-68 -23 50 0
2 1 -48 0
13 47 98 0
18 -99 -8 0
-43 89 78 0
-43 72 5 0
-98 18 28 0
87 -71 -72 0
30 -67 -51 0
-46 -17 16 0
-74 -88 82 0
36 -33 31 0
7 75 -5 0
1 61 83 0
88 -22 19 0
14 -67 10 0
-55 98 52 0
-59 -97 98 0
27 95 -76 0
-83 -95 -3 0
-12 -58 16 0
82 8 -22 0
-96 41 18 0
88 -49 55 0
-40 -53 -55 0
17 -53 -57 0
-3 51 73 0
4 19 -47 0
-100 -43 -11 0
-15 -62 -96 0
-18 98 52 0
-65 58 -32 0
89 9 67 0
-80 -78 -10 0
49 -96 -79 0
-76 -39 15 0
-69 53 31 0
-45 -32 -16 0
-55 -11 -5 0
35 -58 -29 0
56 -27 100 0
49 -48 2 0
73 100 23 0
59 17 -71 0
38 -7 17 0
-61 -85 58 0
23 15 100 0
-72 -36 45 0
75 22 9 0
62 23 -68 0
3 100 86 0
-29 -51 -80 0
71 -30 -17 0
5 -65 -67 0
-34 84 -64 0
41 69 -42 0
81 -95 93 0
75 30 10 0
15 -39 -28 0
-65 70 -88 0
-42 60 38 0
32 -70 -73 0
-19 83 -47 0
34 -2 -1 0
75 45 63 0
-38 9 33 0
-35 1 46 0
-75 88 20 0
41 80 44 0
36 -33 78 0
8 -55 -9 0
88 37 92 0
40 -37 55 0
95 5 -51 0
-16 -83 14 0
-90 46 99 0
95 75 18 0
-67 24 44 0
7 42 -21 0
87 40 61 0
61 -11 12 0
60 -31 100 0
-48 -79 44 0
-44 -73 77 0
75 29 80 0
71 -91 -92 0
-4 -21 -37 0
-43 -34 -83 0
-45 67 -4 0
83 6 -37 0
-80 -54 32 0
-86 89 59 0
-82 57 40 0
63 28 31 0
98 69 -6 0
96 5 21 0
-83 22 -100 0
57 75 34 0
30 -93 -26 0
-23 -36 -4 0
45 3 -13 0
59 3 27 0
90 -60 -69 0
86 -60 -70 0
-28 3 -14 0
-5 -33 -85 0
-86 22 -2 0
-87 -5 -76 0
96 61 -12 0
-65 -71 54 0
-69 -27 19 0
-62 35 32 0
-82 58 -94 0
-87 -53 26 0
-3 -65 -59 0
-47 -89 99 0
-22 -79 5 0
-79 9 -24 0
33 -30 -21 0
-49 67 -77 0
27 29 -66 0
27 86 -6 0
-86 -78 35 0
55 -77 -69 0
-88 -1 -13 0
38 -95 5 0
-14 -55 70 0
56 5 91 0
-35 6 -50 0
18 85 9 0
32 -66 -45 0
-36 8 58 0
-19 -6 38 0
-22 -14 -40 0
-93 30 -98 0
-48 -15 22 0
97 -56 73 0
47 -46 -19 0
31 52 57 0
-50 -40 2 0
65 12 99 0
-25 -79 17 0
97 19 -93 0
93 72 36 0
1 -30 78 0
45 -31 -92 0
82 -28 -42 0
-8 65 35 0
89 60 -61 0
-27 -91 -39 0
34 -57 -52 0
63 -39 -62 0
-26 -9 52 0
-1 -13 -81 0
19 -82 -79 0
26 85 2 0
-62 -3 -81 0
59 71 72 0
87 -54 65 0
-9 68 -41 0
-79 56 -84 0
-65 80 98 0
1 -66 74 0
-69 46 -13 0
-84 -51 -42 0
29 39 84 0
59 -46 11 0
50 -30 -44 0
-97 66 57 0
-24 67 -65 0
6 24 46 0
65 83 -14 0
-55 -57 98 0
-24 -51 5 0
15 -39 37 0
66 -62 77 0
98 94 80 0
-47 -36 46 0
85 66 -72 0
-84 42 95 0
80 57 -73 0
42 -75 -51 0
91 -2 28 0
98 -20 68 0
5 38 -89 0
17 -20 -91 0
-94 43 -55 0
-7 52 69 0
73 -40 -37 0
-71 -12 85 0
-44 -48 5 0
-15 -35 22 0
64 88 47 0
88 73 59 0
8 -37 81 0
-86 53 -13 0
-16 47 -57 0
-28 98 -11 0
-93 -50 -82 0
-89 98 -95 0
-70 -43 76 0
-25 13 -51 0
-44 -1 96 0
-100 -89 -96 0
-96 23 39 0
-12 -79 -37 0
25 95 -97 0
-46 27 -59 0
16 -81 -36 0
-92 -60 4 0
-75 46 -67 0
-48 -35 -47 0
-65 -3 83 0
-4 -25 72 0
-84 94 -50 0
15 -67 2 0
-36 22 -45 0
-98 19 -76 0
-96 -65 81 0
-57 92 -51 0
-39 9 34 0
-22 18 -82 0
34 -1 -73 0
24 -55 -6 0
-33 84 53 0
-76 -95 87 0
9 -7 85 0
-90 67 -53 0
-20 -25 9 0
47 -15 57 0
-79 65 36 0
28 40 -81 0
19 62 -48 0
34 -29 -60 0
-98 -55 85 0
14 -97 -42 0
48 39 -38 0
-59 -21 -83 0
-33 26 48 0
-87 88 68 0
-89 25 67 0
33 50 -68 0
9 34 42 0
96 92 -51 0
78 90 56 0
-37 -33 60 0
90 -6 66 0
59 9 -11 0
97 -95 -27 0
83 9 -49 0
-26 -2 -35 0
60 1 -77 0
-98 71 94 0
-54 -10 25 0
-62 88 -52 0
77 -66 100 0
-37 -89 31 0
47 -91 82 0
84 -36 -26 0
-15 -84 -68 0
-38 -82 -44 0
-3 -64 -100 0
-50 -54 75 0
25 -90 -83 0
43 98 64 0
-28 6 52 0
-40 23 -72 0
84 28 -13 0
44 79 -33 0
-4 99 91 0
86 81 -9 0
-57 52 -11 0
64 63 -35 0
-67 68 -95 0
25 -98 11 0
-95 -23 42 0
-70 95 63 0
16 -60 17 0
-20 22 52 0
-73 39 -1 0
-10 19 -74 0
-46 -58 -84 0
-70 55 -7 0
10 -58 4 0
24 88 55 0
97 67 -13 0
-11 61 35 0
74 -68 56 0
-90 -34 53 0
-3 49 41 0
38 -44 -7 0
-9 100 -34 0
-61 -39 -44 0
81 92 63 0
8 -15 87 0
51 -10 -29 0
94 -61 46 0
5 -21 -43 0
-42 -68 10 0
25 -6 79 0
46 9 -70 0
91 -59 1 0
-19 -6 9 0
-7 -46 9 0
-3 -53 -48 0
-66 -76 -100 0
-3 35 -100 0
-19 -83 37 0
-97 59 -20 0
99 -78 96 0
67 -23 93 0
-21 83 76 0
-56 -39 -77 0
-41 -97 46 0
-46 -92 65 0
-21 -60 75 0
68 24 20 0
-27 18 -53 0
16 9 29 0
-22 1 -24 0
-70 -37 -35 0
-67 76 57 0
50 5 -77 0
34 45 -1 0
-12 -78 90 0
-34 84 88 0
84 -37 -35 0
-68 11 80 0
95 -17 88 0
-47 -3 -74 0
73 -89 -40 0
18 10 -32 0
-50 -76 -63 0
86 49 12 0
-80 -21 -9 0
-75 -30 -91 0
-50 -14 -79 0
-94 -99 -27 0
29 73 -65 0
13 57 14 0
82 59 -48 0
-2 -46 -79 0
-63 73 71 0
78 -83 30 0
87 85 89 0
-8 -55 -61 0
33 -19 20 0
-79 89 -78 0
-82 95 -25 0
63 -18 95 0
-13 61 21 0
-24 97 43 0
9 63 91 0
92 -18 -21 0
63 36 -69 0
49 57 -30 0
53 12 -36 0
-37 2 92 0
-19 -33 -94 0
-63 -20 -35 0
24 68 -30 0
-9 53 -97 0
-87 -91 -68 0
1 -57 -70 0
-42 73 -77 0
-19 -21 46 0
-75 -79 -34 0
-92 -34 -26 0
8 83 49 0
71 -49 -8 0
-22 29 63 0
28 80 -100 0
35 -9 -85 0
89 96 76 0
-41 -80 53 0
-62 14 -26 0
85 -91 -53 0
-29 -19 60 0
63 -32 -7 0
23 17 85 0
16 9 4 0
85 -50 -61 0
93 -8 66 0
18 -36 1 0
86 89 82 0
48 73 53 0
14 69 -68 0
43 46 -48 0
15 8 -1 0
29 -49 7 0
-68 31 -24 0
-87 1 43 0
-95 -45 -27 0
39 -1 -55 0
36 -5 -3 0
94 -19 89 0
-70 -55 56 0
96 -70 -49 0
53 -2 -1 0
9 -52 86 0
-33 -75 7 0
-64 88 -15 0
-82 16 -12 0
52 -23 -86 0
22 85 82 0
-41 -29 31 0
4 62 -71 0
57 -97 28 0
-91 76 -7 0
-14 68 6 0
-43 -33 -98 0
-94 91 52 0
31 -54 24 0
87 -58 -6 0
89 33 35 0
-18 -73 70 0
-55 -99 95 0
-95 -17 -73 0
68 -54 87 0
-95 -19 -62 0
-3 -17 -87 0
-56 -92 -37 0
-38 -68 72 0
-26 -66 -32 0
-61 68 -99 0
39 67 4 0
65 80 -61 0
-46 -5 75 0
-98 26 -85 0
-68 -98 80 0
-49 16 -35 0
-7 -21 58 0
-37 74 -70 0
77 80 -83 0
-55 88 75 0
-4 84 -88 0
-10 38 19 0
-17 63 86 0
-95 1 -19 0
-67 84 32 0
13 91 77 0
7 86 31 0
-20 -73 77 0
-90 -54 -96 0
-40 -53 85 0
51 52 22 0
-94 -73 98 0
18 -16 -83 0
-40 89 -77 0
48 9 51 0
49 9 -62 0
-3 26 -12 0
-39 -72 -49 0
-79 -35 -30 0
-83 -52 19 0
77 74 53 0
65 -23 -49 0
-100 53 -41 0
85 74 21 0
-2 -22 70 0
-60 73 40 0
-56 -44 -69 0
38 3 77 0
79 -26 -64 0
-10 77 -47 0
1 77 -87 0
70 16 -85 0
64 63 -3 0
31 79 52 0
62 63 96 0
14 84 22 0
83 44 -41 0
48 52 78 0
16 -93 -13 0
39 -59 58 0
-44 -5 -75 0
-21 24 41 0
40 3 -32 0
89 60 -19 0
38 52 -31 0
2 78 16 0
89 86 17 0
7 13 -46 0
-73 -99 -81 0
-19 46 23 0
-48 -64 56 0
-60 -53 -55 0
-42 -67 20 0
-83 -89 29 0
96 -49 -9 0
-46 -59 -28 0
-83 50 89 0
-47 -74 -84 0
-69 33 27 0
9 12 -6 0
-96 -79 -30 0
47 -39 -29 0
89 -8 -27 0
8 23 59 0
-81 -71 -51 0
-17 -73 -81 0
-74 -47 -6 0
74 52 -17 0
-90 -51 -56 0
-77 67 61 0
-9 41 -43 0
76 -7 -2 0
-12 49 -83 0
31 -94 -99 0
74 38 -64 0
-58 10 15 0
-35 -38 59 0
22 90 28 0
33 -77 41 0
-24 -3 79 0
-10 28 8 0
-43 -39 -6 0
69 -67 -72 0
75 25 -3 0
-92 100 83 0
-94 3 -6 0
99 -53 -46 0
3 22 52 0
-60 -98 21 0
96 23 -65 0
34 -38 93 0
80 20 84 0
-45 -19 -71 0
-85 49 34 0
56 41 37 0
32 -76 -85 0
8 -44 87 0
100 -12 -92 0
-4 75 -7 0
47 -22 74 0
12 3 -65 0
92 91 99 0
-50 -1 49 0
-5 74 32 0
78 15 -35 0
-3 -23 26 0
-35 98 -44 0
-90 92 -53 0
66 -14 28 0
16 55 39 0
59 -63 -46 0
-67 97 -13 0
22 -100 -95 0
50 81 -55 0
43 61 95 0
-4 70 -48 0
34 35 24 0
-45 -6 64 0
96 66 92 0
76 1 28 0
-7 11 -83 0
44 84 -7 0
-69 -97 -43 0
73 26 -80 0
-21 92 63 0
52 -44 -60 0
-81 92 23 0
47 -84 -88 0
-55 -84 -25 0
-57 -83 -58 0
79 25 1 0
-5 88 99 0
-14 28 -78 0
15 55 96 0
97 6 -8 0
-8 30 27 0
-78 -36 55 0
-50 55 -28 0
-33 -4 26 0
-58 50 71 0
-76 6 93 0
73 98 -45 0
-66 98 25 0
-5 11 -36 0
-46 67 -28 0
29 94 -28 0
39 -92 -71 0
56 87 -72 0
32 -21 -83 0
54 66 95 0
37 -72 -42 0
65 -23 24 0
71 89 -13 0
38 -18 17 0
-28 -98 32 0
-19 75 44 0
-100 -61 -10 0
37 12 -76 0
-74 -42 99 0
94 -54 -12 0
9 34 -90 0
19 -5 64 0
-68 -8 11 0
14 -51 -8 0
43 -17 -44 0
-41 64 97 0
51 -61 -72 0
42 -46 -77 0
45 43 91 0
-14 -97 40 0
-5 -13 -77 0
-50 77 91 0
61 62 -3 0
22 -12 -99 0
69 35 94 0
59 30 -52 0
-53 -29 -50 0
72 18 -38 0
66 71 44 0
68 -14 22 0
-32 -29 79 0
1 -66 -28 0
-29 93 -98 0
33 56 8 0
-8 -5 50 0
-82 22 -40 0
33 37 91 0
97 94 -6 0
-81 35 -14 0
76 -40 -66 0
7 24 92 0
-3 -23 84 0
-50 90 74 0
-64 96 2 0
88 76 58 0
40 34 36 0
59 -1 -71 0
46 -54 -41 0
22 -16 81 0
42 28 56 0
-38 26 47 0
14 -50 -94 0
86 33 -61 0
-64 -85 -70 0
-86 -28 -35 0
19 8 -88 0
-37 69 51 0
58 63 36 0
74 58 -48 0
45 35 -94 0
34 20 -96 0
-63 98 88 0
-61 -96 -44 0
-76 28 51 0
-74 -24 35 0
-37 -95 5 0
-12 59 71 0
-44 -29 -18 0
6 56 36 0
3 -10 40 0
-46 -82 51 0
91 82 92 0
-29 -54 -19 0
52 -99 -98 0
87 100 82 0
85 -25 -99 0
59 -85 -34 0
-58 -26 97 0
54 75 26 0
86 23 92 0
1 -53 79 0
26 39 -92 0
29 49 -95 0
67 -91 -61 0
71 49 -22 0
-2 -19 28 0
-90 -84 95 0
76 67 49 0
-9 62 52 0
94 -22 -14 0
-31 -10 49 0
-94 17 -68 0
-41 63 47 0
9 21 84 0
54 -89 30 0
-27 9 66 0
-25 43 53 0
16 -41 -2 0
-32 -14 41 0
3 -28 57 0
13 76 40 0
65 35 72 0
-33 58 63 0
-77 48 6 0
47 35 70 0
-27 40 78 0
-93 40 35 0
70 -84 33 0
-67 23 -96 0
56 -45 85 0
32 9 -61 0
23 53 -34 0
60 93 -87 0
89 -7 -43 0
-52 7 -42 0
-58 -83 17 0
-43 45 88 0
-16 -79 -30 0
94 99 65 0
31 -58 -60 0
68 91 55 0
25 -93 -78 0
14 -35 -54 0
18 73 62 0
52 37 77 0
-23 54 79 0
-95 90 15 0
3 -69 -25 0
8 99 73 0
-89 -81 -2 0
-79 19 -38 0
-44 32 87 0
-25 -35 14 0
-26 92 24 0
-95 -43 -83 0
-43 30 -54 0
86 -42 28 0
70 47 -52 0
-48 -13 -79 0
65 82 -72 0
-94 -2 -71 0
-74 48 17 0
35 83 -55 0
86 -16 -20 0
-17 -61 77 0
67 -100 -61 0
71 42 -23 0
-43 17 -52 0
-5 -45 -71 0
-39 -20 -79 0
-92 29 -93 0
72 22 96 0
-65 -73 -88 0
10 -75 37 0
-62 -10 38 0
-30 20 -72 0
-71 -84 11 0
1 2 36 0
-35 58 -70 0
-76 -58 -10 0
-73 -87 -67 0
95 84 18 0
-81 69 -26 0
49 -37 -65 0
-23 52 67 0
12 5 -78 0
-47 -72 53 0
74 61 -55 0
50 -61 19 0
93 -69 13 0
89 97 -90 0
61 -100 -54 0
20 -54 -8 0
-89 96 34 0
67 77 95 0
85 10 53 0
26 -8 -55 0
16 49 53 0
77 95 2 0
-73 -27 -71 0
-89 3 -99 0
25 -36 10 0
71 -34 24 0
-39 -71 52 0
83 39 -7 0
70 30 -76 0
-63 16 69 0
-91 35 100 0
-71 -21 51 0
-16 -23 78 0
-59 47 26 0
95 -77 -92 0
12 -80 -79 0
20 42 -77 0
-97 -83 13 0
68 23 70 0
-92 58 16 0
99 10 -39 0
97 -24 55 0
-45 44 -32 0
55 -1 -41 0
45 86 -50 0
35 69 -3 0
22 -74 51 0
-90 -18 -97 0
31 43 -2 0
57 81 2 0
-49 17 23 0
-87 44 -25 0
-61 84 -69 0
70 -42 -47 0
-25 -37 -8 0
9 -46 -63 0
-14 -31 50 0
-41 -37 -52 0
-56 47 99 0
-50 -80 -29 0
-73 -28 87 0
74 58 -80 0
29 84 -56 0
7 86 5 0
-17 -55 86 0
-32 -59 -4 0
-17 -49 85 0
71 -41 -61 0
100 4 16 0
58 60 -76 0
59 18 70 0
45 24 -4 0
-88 90 -5 0
-52 -1 -36 0
-35 11 -80 0
-46 -1 -48 0
-38 -85 49 0
72 -7 -31 0
86 -62 -83 0
-10 29 50 0
71 -90 -8 0
96 -55 -49 0
-94 12 88 0
78 -31 -62 0
-86 -32 14 0
11 -16 -38 0
5 82 33 0
-85 -39 -3 0
20 40 83 0
34 75 16 0
10 -69 -9 0
-98 22 9 0
-81 -49 -80 0
-93 51 -76 0
56 -96 -75 0
-14 -32 13 0
91 -8 -71 0
-9 79 91 0
-49 34 6 0
-69 72 -33 0
-80 -74 40 0
-33 -43 -17 0
-4 24 91 0
-31 -16 93 0
-99 -67 -71 0
-77 72 21 0
81 69 -51 0
74 -64 -33 0
-58 86 -37 0
-55 12 -71 0
-55 -54 -94 0
4 -50 -19 0
82 -67 5 0
-41 31 -48 0
-25 -96 15 0
56 -22 -60 0
38 21 100 0
-75 19 -85 0
68 -64 5 0
75 88 58 0
82 70 64 0
-56 95 30 0
-42 48 -49 0
55 52 41 0
-42 98 99 0
-91 14 34 0
46 83 96 0
-52 8 -35 0
52 -28 -3 0
16 -99 96 0
-62 -67 -52 0
19 -81 40 0
6 60 -28 0
-33 94 58 0
100 27 36 0
20 -19 -2 0
57 42 83 0
-74 -59 -35 0
-56 76 49 0
69 63 -85 0
-40 -93 34 0
69 92 93 0
-9 57 -26 0
-37 -20 94 0
-82 99 -79 0
77 37 -62 0
-59 83 -5 0
51 -5 62 0
-17 -11 -65 0
61 15 -7 0
86 6 18 0
62 -30 82 0
-3 36 -97 0
-15 -42 98 0
50 54 -77 0
77 -83 28 0
-81 11 91 0
1 74 54 0
9 79 -23 0
-53 61 29 0
66 -25 -51 0
-26 -42 -32 0
12 -60 -59 0
-10 -72 61 0
37 -93 -61 0
38 -94 11 0
-49 -65 -17 0
95 49 3 0
-92 44 59 0
74 33 57 0
76 -7 34 0
8 55 -81 0
-97 -42 98 0
30 23 -61 0
-34 -4 -81 0
-42 20 58 0
-67 -32 -39 0
50 -63 -89 0
90 82 -85 0
-4 -80 -89 0
58 12 -24 0
-76 21 -81 0
-94 -91 54 0
-33 -41 -54 0
10 -69 48 0
-1 26 -60 0
52 -72 -44 0
-29 100 75 0
21 -97 84 0
-45 -20 -28 0
-10 -93 -32 0
54 -11 -92 0
28 -82 -19 0
-47 1 98 0
57 -55 -64 0
26 70 29 0
11 -23 -70 0
62 -28 -31 0
82 -8 -14 0
-9 37 57 0
-79 19 61 0
-85 -89 4 0
-87 -32 79 0
-32 -75 26 0
-62 16 -77 0
69 8 61 0
88 -94 -8 0
96 75 57 0
45 -19 93 0
51 83 71 0
94 31 17 0
18 5 71 0
-79 38 59 0
38 -79 96 0
-22 94 85 0
25 -74 -41 0
65 64 71 0
86 -69 22 0
-22 85 -83 0
64 39 -94 0
-20 84 -49 0
22 -6 -75 0
76 97 16 0
-89 -10 -78 0
38 77 -28 0
-49 -95 -74 0
8 63 -9 0
-54 94 -2 0
-56 -67 -12 0
54 -5 -97 0
66 -77 -11 0
-74 -86 -60 0
80 85 -96 0
-81 9 36 0
93 -54 61 0
-51 31 77 0
85 17 -29 0
-95 41 -33 0
-7 92 -79 0
-28 14 -91 0
24 -19 -75 0
20 -9 -73 0
8 71 -19 0
12 -18 -96 0
-60 72 -67 0
-24 -72 -2 0
-25 57 -51 0
-64 -73 21 0
22 74 -52 0
-33 38 91 0
-98 26 -31 0
70 71 34 0
56 29 -60 0
-86 -54 -92 0
94 -43 41 0
-6 26 -33 0
37 -12 -81 0
38 81 -89 0
60 -97 -6 0
-30 95 24 0
-74 81 85 0
5 -21 17 0
-62 33 -57 0
-34 54 12 0
28 97 -74 0
58 -60 -46 0
-47 88 -53 0
-47 -21 98 0
8 11 -60 0
-5 16 78 0
-25 76 -15 0
-61 -21 15 0
34 -73 -60 0
67 -60 54 0
-78 -59 -60 0
2 -13 22 0
19 93 -11 0
-68 50 -82 0
-25 -11 55 0
-14 49 -95 0
5 82 -70 0
2 -4 -60 0
-55 31 29 0
-46 -90 -22 0
-8 85 -62 0
59 54 -63 0
-55 -68 78 0
90 71 -42 0
7 86 52 0
95 30 63 0
92 56 -98 0
-30 -33 35 0
-12 -92 42 0
6 75 22 0
-42 -12 13 0
62 -1 -21 0
91 -26 -44 0
18 5 69 0
30 31 -38 0
73 -59 -50 0
-86 51 1 0
-2 -89 -11 0
-3 32 30 0
-28 25 -94 0
95 61 8 0
-65 14 -60 0
-33 -96 -50 0
38 7 76 0
5 -72 98 0
-1 -60 16 0
-26 -59 -44 0
-28 59 3 0
-95 -13 21 0
12 9 63 0
-95 39 -14 0
-23 -73 65 0
-59 -76 50 0
9 85 -79 0
60 -72 -42 0
82 -89 -3 0
99 15 -82 0
49 13 72 0
39 -66 -88 0
33 42 -61 0
-88 34 -62 0
60 16 1 0
100 -71 -56 0
-9 53 -59 0
-46 68 -42 0
86 79 47 0
-55 -60 32 0
53 -55 8 0
-6 -47 -70 0
75 -7 -73 0
-48 -73 4 0
7 -24 -77 0
-71 -76 -46 0
-30 31 32 0
26 47 13 0
-28 -3 -72 0
78 76 24 0
-13 -19 -86 0
-58 67 -43 0
24 -31 72 0
-48 29 3 0
93 -66 9 0
43 -90 8 0
-47 30 -32 0
23 86 -87 0
-17 -14 21 0
83 34 30 0
-5 -28 7 0
-63 -25 -70 0
-78 79 -84 0
24 -96 55 0
-66 -34 63 0
-22 39 -57 0
-48 19 -64 0
77 -25 -69 0
-54 -79 -21 0
-6 42 73 0
27 95 91 0
16 -67 90 0
-4 88 -26 0
-59 -43 -37 0
50 -65 -71 0
-45 -20 -76 0
-66 -64 -94 0
-77 28 -4 0
45 -10 40 0
62 35 -32 0
67 -23 -44 0
15 81 -57 0
5 -48 -10 0
-15 1 -4 0
-68 -35 29 0
-51 -53 -69 0
-43 40 49 0
49 53 -77 0
80 -38 -6 0
82 91 -5 0
-76 -5 75 0
-34 75 -90 0
31 -54 95 0
-3 -55 21 0
27 -82 52 0
-68 99 -96 0
-83 -72 -71 0
3 54 -28 0
-21 -17 -6 0
-7 -42 -36 0
-33 -73 52 0
25 -5 -51 0
-93 -31 -23 0
-58 -64 -35 0
36 13 -21 0
-7 33 -13 0
-65 23 -57 0
4 -69 -11 0
-18 -6 -40 0
14 44 29 0
-90 36 -12 0
77 -63 -2 0
-16 -67 -53 0
-100 85 93 0
-86 -25 -85 0
24 20 -91 0
-70 -51 -66 0
93 79 -21 0
-11 -55 -67 0
34 -16 83 0
61 38 -47 0
-27 47 -26 0
-53 -23 40 0
-32 23 41 0
-81 -32 51 0
-86 8 -79 0
49 48 100 0
-41 87 20 0
59 -98 -1 0
-28 85 17 0
-99 76 -61 0
61 6 85 0
-95 -93 -65 0
-78 98 90 0
-62 85 -89 0
-22 -94 -56 0
98 -66 19 0
-78 -56 -79 0
29 53 71 0
-42 28 81 0
78 87 -93 0
-4 -3 57 0
-13 96 -80 0
98 -95 27 0
5 -49 -43 0
24 -64 -92 0
-44 83 37 0
98 44 17 0
66 4 -32 0
-91 96 11 0
54 95 -69 0
57 82 25 0
40 -88 -57 0
-86 -62 -94 0
71 66 -20 0
-1 79 -28 0
-20 76 -19 0
-6 -91 87 0
14 59 -92 0
30 -79 -91 0
24 59 -54 0
-39 -41 -29 0
31 -3 1 0
100 -63 60 0
-86 -70 -10 0
34 -86 -30 0
-43 -91 -84 0
9 -96 -46 0
-93 72 -7 0
-53 -18 -41 0
32 -55 90 0
89 36 35 0
-48 -22 -23 0
-59 -84 52 0
8 -42 -6 0
75 38 -7 0
40 96 49 0
53 60 -8 0
-18 -90 16 0
-76 -84 -72 0
-90 -1 -19 0
-74 75 58 0
71 -13 -53 0
22 75 -16 0
-52 -77 -65 0
88 -27 -21 0
-68 75 -21 0
-51 -33 -27 0
-38 86 -29 0
29 34 -2 0
42 -34 9 0
-29 84 14 0
-54 -14 -55 0
-84 -83 56 0
-87 91 21 0
-10 22 -87 0
49 -21 -4 0
40 13 28 0
57 -29 72 0
-3 21 51 0
-44 -75 -70 0
-90 -36 -9 0
51 -1 -3 0
4 40 68 0
-80 6 93 0
32 -85 -48 0
5 -16 -6 0
-88 -38 96 0
8 -45 -53 0
-96 29 75 0
-54 80 90 0
-85 -64 75 0
-13 -9 -98 0
59 -94 86 0
48 -46 -12 0
58 98 84 0
-95 -76 12 0
67 -42 -77 0
8 -38 53 0
-33 -53 -89 0
51 -81 -92 0
-23 55 33 0
-37 -26 -24 0
35 67 -31 0
98 -83 -5 0
-45 -34 13 0
-32 -57 -20 0
57 15 85 0
-23 -41 -54 0
-49 -20 59 0
13 82 -96 0
-57 -75 -71 0
71 -36 -74 0
-93 32 -7 0
59 -45 22 0
53 59 -89 0
11 86 6 0
8 35 -79 0
-4 -27 42 0
49 48 22 0
-37 58 -55 0
56 -82 51 0
-68 21 -51 0
91 -75 -71 0
68 -3 94 0
66 56 -15 0
11 -9 57 0
-10 93 33 0
-59 12 2 0
-70 53 85 0
85 -40 -83 0
-6 -57 32 0
-20 -68 14 0
-30 -47 -89 0
31 -12 -76 0
3 -98 -94 0
100 -18 7 0
47 37 -100 0
37 73 59 0
-48 28 35 0
88 -28 73 0
-82 -15 -25 0
-29 36 11 0
80 34 30 0
-62 35 51 0
-74 90 32 0
-76 -49 80 0
93 -11 31 0
-76 -18 13 0
78 -55 -21 0
15 -73 -16 0
-94 -75 54 0
-87 31 12 0
-68 -66 -95 0
8 56 -41 0
59 22 97 0
-55 8 -85 0
-43 98 -92 0
-67 37 40 0
-52 70 -1 0
9 -45 52 0
-45 -8 61 0
-95 -37 72 0
-42 -55 -52 0
47 16 -13 0
-73 -90 -38 0
1 -38 79 0
-13 -90 -99 0
47 -22 -49 0
-88 90 29 0
-52 76 47 0
-96 -4 -68 0
6 -32 -36 0
-90 -75 -70 0
-59 34 -80 0
-86 69 -19 0
90 49 -42 0
67 -64 -29 0
-43 -87 -52 0
-3 27 18 0
-79 -64 -55 0
-68 22 -5 0
45 -28 -14 0
57 62 -70 0
-97 -37 -87 0
-24 -68 52 0
-70 -24 -27 0
5 -82 97 0
24 -61 -6 0
-6 7 63 0
50 98 87 0
-33 29 -38 0
28 -25 5 0
6 94 -28 0
18 65 68 0
-31 36 59 0
-20 -38 -68 0
32 85 6 0
82 9 -41 0
94 16 87 0
-60 -82 -61 0
-50 -85 29 0
39 -49 -43 0
91 65 -43 0
52 31 -42 0
41 -64 -20 0
-11 -45 -3 0
14 46 -94 0
47 41 21 0
13 -96 86 0
33 16 93 0
16 -43 1 0
52 60 -37 0
59 -43 24 0
-69 -78 -19 0
-62 52 4 0
27 21 39 0
-68 -66 -60 0
73 -45 -37 0
9 -14 -68 0
-83 -40 66 0
-93 80 -10 0
38 45 5 0
-61 -43 -52 0
82 54 68 0
-34 24 -65 0
-19 -2 -58 0
-27 -81 18 0
6 54 97 0
5 62 -94 0
-75 -5 95 0
-21 -4 8 0
-85 -13 70 0
43 -31 40 0
40 10 66 0
-82 -45 -88 0
-69 -13 37 0
-72 -88 69 0
73 70 -19 0
10 87 11 0
30 -21 65 0
79 84 40 0
11 48 94 0
48 73 -32 0
-14 -74 -80 0
78 -21 -30 0
91 24 4 0
12 -90 4 0
-100 92 87 0
-31 -21 34 0
76 -63 22 0
63 81 -17 0
86 -19 67 0
10 23 -5 0
53 -33 -84 0
74 -93 71 0
68 22 -67 0
-74 89 48 0
-69 64 -86 0
-43 -31 -28 0
27 16 -65 0
76 -10 -35 0
64 52 58 0
69 -45 -62 0
-98 -94 31 0
-60 82 -96 0
-72 2 -1 0
58 8 9 0
82 -17 -99 0
-83 55 -73 0
-81 -42 39 0
-23 -62 66 0
-81 85 41 0
68 85 72 0
44 -17 97 0
-54 78 86 0
18 -76 -10 0
39 93 43 0
-51 -88 76 0
100 52 -92 0
16 94 57 0
-14 73 -28 0
21 -33 19 0
17 -88 -97 0
-53 47 -44 0
-5 -7 -70 0
67 -44 -17 0
59 34 -72 0
93 49 -100 0
-78 60 30 0
-43 10 73 0
-12 81 38 0
-35 53 -10 0
95 52 -53 0
1 98 11 0
-66 -56 99 0
-91 49 -2 0
-19 46 7 0
10 6 95 0
100 -75 -30 0
23 -75 58 0
29 -11 89 0
74 -30 -55 0
73 -81 28 0
63 39 -12 0
62 7 8 0
-71 100 -67 0
8 71 82 0
57 81 72 0
-93 -83 -84 0
-89 -6 -56 0
-55 -63 17 0
43 -11 4 0
-62 77 19 0
100 -46 34 0
-37 38 -20 0
-83 48 -2 0
47 82 22 0
59 43 31 0
94 90 59 0
63 -87 -37 0
27 -78 79 0
53 -11 -29 0
97 91 5 0
-48 -98 21 0
34 -62 -73 0
-9 -79 21 0
94 98 -48 0
-7 23 -91 0
-66 -76 89 0
88 64 -62 0
-49 -10 40 0
-63 -88 -6 0
-96 -68 -2 0
44 58 -55 0
-52 82 -36 0
13 44 56 0
-99 25 97 0
28 -83 24 0
-16 93 57 0
56 76 -8 0
-92 26 -13 0
-32 60 53 0
-54 43 24 0
-36 -95 29 0
-12 52 26 0
28 -69 76 0
63 -6 -68 0
8 62 86 0
-97 7 53 0
24 -90 -85 0
38 24 4 0
-89 70 32 0
88 -21 -17 0
30 -15 56 0
5 -43 9 0
65 -40 -14 0
-79 -84 14 0
-61 14 34 0
42 29 13 0
34 -65 59 0
58 90 99 0
40 19 51 0
-91 -50 78 0
-6 52 53 0
59 -88 74 0
-59 86 34 0
77 36 -43 0
-16 -12 38 0
-77 62 41 0
9 -58 -66 0
-4 -51 -21 0
6 84 15 0
-45 -24 26 0
-76 -52 58 0
-85 -30 93 0
-25 -88 43 0
7 -24 -46 0
-73 -14 95 0
52 18 21 0
-51 75 15 0
33 -42 8 0
39 -43 -91 0
-89 1 -51 0
-14 71 -28 0
76 -73 98 0
-96 -23 60 0
60 68 -50 0
-15 93 -66 0
100 -88 -75 0
-74 18 -29 0
46 51 -32 0
-11 71 -34 0
61 -21 83 0
-12 17 87 0
88 71 -60 0
-97 62 -13 0
10 53 -41 0
67 -60 48 0
59 -93 64 0
69 72 -33 0
32 -36 -34 0
-46 -95 -10 0
-84 -60 -93 0
-85 60 -10 0
-92 -96 10 0
-87 56 52 0
83 -72 97 0
80 64 -82 0
-85 -3 -72 0
-10 89 93 0
27 59 91 0
34 27 44 0
18 -75 -38 0
-29 -3 58 0
-48 97 -15 0
76 -50 -60 0
-25 -58 67 0
34 22 81 0
-60 -33 20 0
-96 -54 -83 0
48 -30 59 0
-93 -25 46 0
29 -95 47 0
-23 -59 -55 0
-9 48 82 0
-27 -19 -62 0
-75 -61 7 0
-64 -55 -30 0
-27 -90 75 0
41 85 6 0
-95 1 51 0
80 -68 -96 0
-52 45 38 0
98 -70 -28 0
-94 -49 -20 0
53 -47 -23 0
-45 -96 -56 0
22 -8 -30 0
24 6 -73 0
-97 -81 16 0
-50 -4 62 0
-85 -43 -78 0
35 4 38 0
7 -13 -94 0
-45 -76 35 0
-64 -92 74 0
-15 54 -81 0
12 -1 -30 0
22 84 -76 0
-23 95 39 0
75 -1 98 0
-40 -26 17 0
44 71 53 0
52 7 31 0
89 7 47 0
-77 -47 -5 0
-3 52 -91 0
14 42 -44 0
25 86 -22 0
-81 -72 -95 0
80 72 6 0
-41 -83 -36 0
83 -14 -12 0
-97 18 -13 0
61 4 -32 0
-81 -98 96 0
91 14 -58 0
-96 16 19 0
23 12 24 0
97 -19 -63 0
-35 5 12 0
-86 71 87 0
-2 -98 -81 0
-68 94 53 0
-1 -15 9 0
18 49 -19 0
-7 -1 -55 0
38 -94 -87 0
8 -9 76 0
29 -85 86 0
57 61 -66 0
-21 77 91 0
14 -87 -77 0
83 78 -44 0
-60 -47 50 0
-88 44 82 0
43 -15 -13 0
-84 74 -69 0
52 11 -49 0
-90 -16 -54 0
59 -44 -40 0
89 50 49 0
-93 -32 94 0
22 46 -53 0
25 -69 -65 0
-82 83 -41 0
76 -84 17 0
40 33 57 0
-83 -85 55 0
3 58 -20 0
-9 -94 -89 0
-43 58 14 0
7 -38 -6 0
73 -54 -5 0
-51 -85 15 0
-82 -83 -18 0
-44 -98 83 0
-3 -19 -100 0
-51 84 -46 0
76 60 34 0
89 97 -8 0
7 35 -5 0
81 -19 -83 0
-93 -66 68 0
43 -9 -92 0
-55 60 47 0
-36 29 96 0
-79 30 -66 0
95 15 -55 0
-80 -42 50 0
70 88 -46 0
81 49 62 0
27 9 86 0
94 5 96 0
45 -61 85 0
-55 -98 52 0
88 -28 -86 0
63 7 -72 0
88 23 -87 0
-21 81 -93 0
-29 -48 5 0
-67 -48 93 0
60 -94 80 0
-95 -56 57 0
-57 -30 -51 0
-94 -2 -75 0
86 79 -24 0
49 16 -57 0
-29 -5 -59 0
-48 -63 94 0
-27 -63 -22 0
-92 77 -95 0
58 47 20 0
-62 5 90 0
70 -59 11 0
-30 23 85 0
-61 -25 -64 0
48 -73 -34 0
-89 80 -79 0
-55 -36 -26 0
-58 -89 -59 0
-20 -82 24 0
30 -16 68 0
-21 -60 73 0
-19 13 9 0
-24 89 -7 0
-67 -16 44 0
12 -95 -42 0
18 -78 -80 0
-73 -28 -5 0
-89 -22 -28 0
91 46 -24 0
-38 -28 91 0
-83 15 -40 0
78 4 -25 0
25 26 46 0
-25 49 -23 0
-16 54 -5 0
-3 -91 77 0
53 -40 100 0
90 95 19 0
38 29 74 0
-1 -90 -33 0
-29 -10 18 0
97 -22 93 0
33 -43 51 0
67 -69 12 0
-36 38 1 0
100 2 89 0
-52 80 -9 0
-27 -14 -92 0
-100 -79 95 0
39 -73 3 0
1 -64 89 0
-78 2 -35 0
75 98 100 0
1 44 88 0
82 -37 -3 0
-37 -39 -68 0
83 63 -60 0
35 -2 21 0
-39 82 11 0
39 -44 84 0
36 -74 37 0
-83 -56 44 0
5 56 -74 0
-51 91 -88 0
51 86 -79 0
-36 -24 48 0
-15 -31 49 0
69 -85 -25 0
56 17 -92 0
93 -62 67 0
-33 -47 59 0
-90 -30 44 0
34 88 10 0
80 59 65 0
76 82 -28 0
75 34 -81 0
-73 42 -80 0
-59 -58 -79 0
66 29 50 0
17 16 57 0
-50 34 -7 0
13 24 53 0
33 -17 -32 0
-33 7 -45 0
-4 41 -65 0
32 -13 -65 0
-36 84 32 0
25 58 -30 0
-97 9 19 0
69 71 46 0
51 1 24 0
-46 -45 -50 0
-72 55 -26 0
-62 18 -52 0
-25 -79 17 0
-8 35 -15 0
-39 91 57 0
14 -52 -50 0
43 96 69 0
-36 100 -78 0
-13 75 -73 0
-14 39 99 0
90 1 -23 0
90 -69 64 0
-50 -69 -91 0
91 42 73 0
-93 -25 -77 0
32 -17 -55 0
-89 -43 95 0
-51 -22 -47 0
40 -98 -61 0
56 16 -31 0
-57 -23 -36 0
64 73 -42 0
-95 76 85 0
65 -79 -49 0
2 -65 21 0
-71 -60 -52 0
-77 60 17 0
-87 99 -56 0
-72 23 -51 0
91 -67 92 0
-10 93 -24 0
-92 98 -6 0
-96 -19 2 0
11 -52 45 0
37 -69 13 0
97 60 41 0
82 -19 -2 0
9 53 32 0
-56 -51 -88 0
52 -60 -29 0
-13 62 59 0
78 -70 40 0
95 29 84 0
-55 -48 15 0
62 97 27 0
68 11 -80 0
100 -38 90 0
36 -75 -4 0
11 62 -76 0
20 64 52 0
99 47 -78 0
12 73 -35 0
-75 91 58 0
47 6 -52 0
-36 95 14 0
-77 -23 1 0
9 -63 -32 0
-3 22 -67 0
15 -38 -56 0
100 -50 -15 0
-69 67 68 0
-56 -74 26 0
-2 -55 68 0
18 66 -39 0
45 -46 -20 0
51 -47 49 0
100 45 82 0
-13 90 87 0
59 -24 17 0
-32 13 -25 0
48 -46 51 0
-68 -63 91 0
-14 -69 -23 0
-14 -4 -1 0
84 -100 7 0
49 -19 -40 0
-42 -36 53 0
81 16 85 0
-84 -89 -80 0
99 75 -81 0
45 54 -25 0
-50 -41 -66 0
36 85 32 0
-51 -32 -25 0
5 7 80 0
-13 -91 -10 0
69 66 8 0
49 39 -59 0
-50 -80 -4 0
-5 -17 -81 0
-6 42 -44 0
12 48 18 0
-90 -60 75 0
-59 -97 -6 0
89 35 10 0
93 62 -49 0
53 -22 -37 0
63 4 -87 0
-15 99 -58 0
-58 -15 -48 0
-45 94 82 0
17 -14 45 0
-93 -83 58 0
-63 -97 -2 0
-86 87 30 0
-79 58 -85 0
-90 53 -31 0
-3 -7 72 0
-73 12 -42 0
-3 79 -53 0
-76 -32 69 0
-5 -77 60 0
43 15 41 0
16 -22 -9 0
73 -96 -46 0
-96 59 71 0
34 92 3 0
8 52 -15 0
58 67 82 0
62 41 98 0
16 -13 -30 0
-76 -15 11 0
-28 37 98 0
25 -7 -14 0
-70 -53 -64 0
-15 30 61 0
4 -23 -68 0
22 28 56 0
93 -51 79 0
-66 53 92 0
11 -16 15 0
-79 39 -60 0
-60 -99 15 0
-76 56 47 0
33 -4 91 0
-2 95 -55 0
75 -67 41 0
8 -23 -69 0
-98 -56 24 0
-87 93 -98 0
88 -31 -55 0
16 19 -45 0
20 17 50 0
-35 87 97 0
87 7 10 0
-48 22 58 0
53 61 -60 0
-48 -29 -6 0
52 -41 -35 0
-22 53 -23 0
-22 -41 19 0
69 -9 -28 0
82 32 -53 0
20 96 -71 0
68 89 -14 0
-41 51 15 0
-7 -6 -48 0
-28 85 -9 0
-15 -22 -76 0
57 75 46 0
-13 -53 41 0
-22 52 78 0
-96 49 -7 0
5 -2 -41 0
-75 -12 -83 0
-45 60 85 0
-10 -75 -57 0
47 56 -14 0
100 -88 79 0
-93 -60 -95 0
-51 -58 -83 0
100 92 -16 0
51 -20 22 0
-84 -89 67 0
75 98 31 0
80 -62 -40 0
-36 -78 17 0
-19 39 95 0
-7 -27 -46 0
29 34 98 0
12 49 -7 0
-51 79 -93 0
-20 66 -67 0
36 33 8 0
-21 33 -6 0
-68 -35 -15 0
-77 35 -75 0
1 27 -53 0
-27 -6 94 0
95 -90 -53 0
-67 -91 -30 0
-55 -7 -24 0
28 23 -48 0
99 54 15 0
11 -24 54 0
-6 12 39 0
-100 66 -81 0
96 35 -65 0
-92 -24 95 0
-2 -89 94 0
-32 55 73 0
93 -88 -30 0
-84 53 67 0
-32 -27 -99 0
-89 -57 43 0
-51 -28 18 0
-5 -62 -14 0
95 -33 -79 0
-99 -80 -81 0
85 -14 44 0
48 88 36 0
37 52 51 0
80 91 -98 0
-95 -21 74 0
13 22 -35 0
32 -90 100 0
-56 -83 -65 0
65 63 -48 0
-50 -12 -28 0
-62 -90 -20 0
-11 93 47 0
76 57 55 0
-90 10 -60 0
66 56 64 0
-70 67 -6 0
-43 -92 -44 0
-73 36 -48 0
-47 26 41 0
-10 71 -53 0
27 22 29 0
-8 99 -58 0
-56 45 8 0
53 51 -18 0
-30 93 -52 0
-14 57 -5 0
31 -68 44 0
-67 -97 -36 0
45 4 -78 0
-35 -96 59 0
-26 12 -72 0
49 47 75 0
70 54 -65 0
33 67 9 0
-21 -47 -86 0
27 -18 29 0
39 89 7 0
-10 -73 -29 0
-56 99 63 0
83 -97 -75 0
98 71 -1 0
80 -7 11 0
95 -76 -4 0
47 19 -85 0
-87 -90 52 0
-76 -47 50 0
-80 57 -100 0
-38 -5 -85 0
-82 83 -50 0
-76 23 -87 0
68 61 4 0
25 -11 47 0
-87 35 -2 0
24 2 30 0
73 15 -3 0
-25 -81 -46 0
8 35 36 0
-69 41 26 0
32 97 66 0
-29 -6 46 0
-33 70 40 0
-92 -46 98 0
11 49 -59 0
29 49 -54 0
-3 -44 -46 0
91 42 -76 0
-98 -99 -14 0
74 8 -80 0
-40 62 -73 0
32 -90 86 0
21 -37 3 0
-58 -39 88 0
45 23 -92 0
-15 -45 86 0
100 66 -89 0
-75 -85 -60 0
5 -90 21 0
24 67 -39 0
97 98 68 0
77 54 40 0
65 39 21 0
69 53 -82 0
-67 -50 17 0
75 -21 92 0
-90 -40 -17 0
-6 71 -10 0
-28 1 36 0
25 15 3 0
22 -41 -94 0
5 -17 -62 0
37 -78 -30 0
-83 80 68 0
-82 98 8 0
-16 52 93 0
-89 -79 32 0
75 -64 -3 0
-80 73 -51 0
96 43 -29 0
-24 91 20 0
11 -27 74 0
-68 51 36 0
-71 -74 63 0
90 89 -28 0
-36 21 89 0
64 7 17 0
79 -68 -6 0
-35 73 -90 0
-66 85 -74 0
96 14 -92 0
6 -76 15 0
30 72 81 0
28 64 -69 0
-93 34 -24 0
42 -43 -91 0
-72 -71 -33 0
-6 69 56 0
26 -59 46 0
-41 -100 6 0
-16 24 -91 0
-79 28 60 0
76 -20 16 0
-22 80 100 0
16 -69 -94 0
-25 -78 70 0
16 57 73 0
-39 -93 -61 0
18 -79 -55 0
-50 -1 10 0
-86 11 -32 0
-55 -81 57 0
99 59 12 0
14 60 40 0
-73 -83 -3 0
-51 69 73 0
62 28 53 0
-35 -73 -72 0
67 -95 -54 0
-82 15 63 0
-51 27 39 0
-6 -3 33 0
68 -51 -27 0
83 -100 58 0
30 22 -66 0
91 -58 -47 0
26 39 15 0
-60 -52 -67 0
20 34 73 0
-91 72 -48 0
-6 -44 2 0
-82 -78 -81 0
-71 -31 87 0
82 20 -62 0
-23 50 69 0
53 -18 -26 0
78 84 -76 0
17 46 -33 0
29 -34 53 0
-51 98 -2 0
-20 82 -72 0
82 25 96 0
36 -99 -90 0
-5 50 93 0
-43 91 55 0
-84 59 19 0
18 21 -20 0
34 52 41 0
-23 -28 87 0
-16 -81 -50 0
53 -91 6 0
9 21 -100 0
-32 3 -94 0
54 59 -18 0
85 63 -57 0
62 93 -41 0
54 -25 -35 0
100 58 62 0
-94 -63 24 0
-76 47 -63 0
-31 89 -13 0
63 73 -36 0
86 -35 90 0
-54 81 -8 0
94 -89 60 0
11 -97 -39 0
61 -92 62 0
-73 -49 91 0
15 -72 75 0
-12 -42 -11 0
77 -94 47 0
49 -37 15 0
-85 63 -37 0
-8 11 64 0
8 -96 -88 0
-13 -37 31 0
-29 -45 69 0
-80 -58 -62 0
-11 24 44 0
-20 -80 -91 0
-43 -31 -18 0
71 -4 -28 0
3 95 47 0
54 -33 71 0
6 86 -87 0
77 -19 -88 0
-55 32 -37 0
-100 -66 22 0
-55 60 7 0
-64 65 59 0
-44 -2 -73 0
5 -45 -24 0
56 -42 99 0
61 -56 -37 0
-90 -31 4 0
79 -91 22 0
26 -18 23 0
80 -32 9 0
-31 -76 -24 0
59 72 -96 0
19 93 -16 0
-26 -60 87 0
-90 13 -61 0
49 -9 -95 0
-56 -63 82 0
-7 81 62 0
-35 59 72 0
-39 -65 -25 0
18 -63 85 0
-37 50 27 0
39 51 -27 0
63 -54 -6 0
41 -72 -13 0
20 96 74 0
9 -38 12 0
-67 -56 28 0
-77 -96 -1 0
76 -73 66 0
65 39 -10 0
65 60 -21 0
-57 -94 11 0
-89 -63 88 0
-50 -10 60 0
91 77 -56 0
89 82 76 0
-30 -48 -8 0
33 -64 -95 0
-41 39 -46 0
51 44 63 0
-66 -64 35 0
89 83 -67 0
82 17 66 0
-92 75 54 0
47 99 -52 0
-83 82 -45 0
-98 78 -19 0
7 -27 67 0
-10 -64 60 0
64 -47 82 0
-58 -7 -62 0
34 91 77 0
-10 -47 63 0
23 -99 -81 0
-14 94 -79 0
57 65 28 0
24 -29 -68 0
68 17 93 0
-16 60 -21 0
71 -96 48 0
-78 -15 48 0
-51 -94 -100 0
26 19 -14 0
43 92 -68 0
-100 -25 -81 0
84 -64 16 0
-27 46 -32 0
100 34 -89 0
-95 -61 -70 0
-15 66 57 0
-48 14 4 0
20 73 -78 0
52 70 -75 0
41 2 16 0
-85 59 10 0
56 88 71 0
-10 -13 -25 0
-43 -25 -66 0
-12 9 14 0
-28 43 -78 0
94 39 78 0
-3 28 37 0
60 75 93 0
-25 -37 -70 0
99 -13 43 0
-9 3 11 0
4 -43 84 0
-78 -15 87 0
71 -28 84 0
-13 -87 5 0
10 -9 34 0
72 62 80 0
88 -91 25 0
-91 58 -78 0
-97 87 88 0
-47 43 18 0
-6 64 -61 0
90 -92 -71 0
-49 -21 -12 0
72 9 -78 0
-95 25 -89 0
-46 -65 77 0
-22 -6 -90 0
-57 -18 -64 0
-62 16 18 0
7 -6 37 0
45 -58 -79 0
72 -7 8 0
47 -40 -65 0
96 55 -80 0
-9 22 66 0
31 -49 45 0
23 -14 -64 0
89 91 -18 0
58 -40 6 0
-100 35 20 0
-56 -7 33 0
-86 -7 -60 0
-81 77 -29 0
38 -26 -36 0
-10 -72 -52 0
-64 -25 -38 0
-92 -100 -95 0
-99 75 87 0
-43 67 22 0
-24 51 -69 0
-34 44 8 0
-91 -22 38 0
95 10 5 0
26 -17 -98 0
-74 3 69 0
8 -79 33 0
-7 -52 -57 0
-62 -76 24 0
-68 -81 -7 0
38 -87 73 0
-34 69 -81 0
47 -26 10 0
4 -67 22 0
-70 53 -47 0
4 -84 19 0
-67 -56 98 0
18 -77 -19 0
47 -44 76 0
92 -85 52 0
-91 88 43 0
57 45 37 0
13 29 -90 0
-51 40 -2 0
69 22 -56 0
32 29 -3 0
100 25 -49 0
-36 5 -7 0
45 -76 14 0
47 44 40 0
34 98 55 0
-64 79 -22 0
-51 -94 88 0
-61 100 -96 0
5 -59 1 0
60 -30 70 0
-14 -39 -33 0
-45 -38 -56 0
98 49 81 0
77 38 -26 0
-67 90 89 0
57 76 50 0
-60 75 -93 0
-77 -17 67 0
14 -32 -72 0
-13 34 -29 0
-75 -80 84 0
39 78 -8 0
-64 21 9 0
63 46 6 0
-23 -53 -94 0
90 -86 88 0
96 -100 65 0
-57 70 -51 0
30 -52 2 0
54 -12 -79 0
4 60 15 0
93 -86 89 0
-6 34 40 0
1 97 23 0
83 -47 52 0
96 64 -2 0
-63 -46 19 0
-48 -22 -1 0
-78 46 89 0
-18 -66 -65 0
-42 93 64 0
50 -97 56 0
95 52 -5 0
-77 -36 33 0
-29 55 18 0
23 -78 59 0
-40 -56 -37 0
-41 -65 -20 0
67 76 95 0
-88 -41 47 0
-7 -49 -44 0
97 23 -4 0
41 -56 -76 0
12 76 -29 0
-43 -82 -47 0
90 -3 -29 0
-93 83 -44 0
96 37 -48 0
-32 30 34 0
-39 54 -28 0
22 -43 -70 0
4 79 58 0
70 13 -42 0
47 23 69 0
46 97 -27 0
-17 -27 -85 0
69 80 91 0
92 -55 19 0
72 -18 -65 0
48 -18 97 0
67 -5 -18 0
47 17 -11 0
14 -34 -92 0
-7 47 54 0
-21 87 -89 0
-10 59 -60 0
4 -31 -47 0
-87 -14 -49 0
29 47 75 0
-11 55 -33 0
35 6 23 0
28 -19 22 0
6 71 36 0
-4 -99 31 0
-10 67 97 0
27 65 18 0
-64 10 20 0
68 25 91 0
-61 94 23 0
-62 -51 27 0
18 40 -22 0
59 82 -33 0
55 39 24 0
-97 -29 -2 0
83 57 76 0
31 -30 -29 0
43 29 36 0
-63 -20 -84 0
6 42 87 0
-89 86 -34 0
17 44 93 0
19 56 64 0
47 71 89 0
-65 15 -14 0
69 24 -73 0
-14 87 81 0
-99 59 -3 0
-23 25 31 0
94 68 84 0
-62 -38 54 0
19 8 -13 0
-33 -98 43 0
-40 98 -21 0
-6 -34 -11 0
81 -94 41 0
71 1 -67 0
20 44 39 0
18 52 10 0
-76 -12 85 0
-18 -45 -2 0
88 27 -79 0
3 -21 20 0
79 -44 -41 0
33 -92 74 0
73 8 40 0
-50 57 -72 0
-44 89 -26 0
-46 -85 57 0
-32 39 -33 0
-56 -87 18 0
-82 -50 24 0
-37 -11 49 0
44 68 88 0
-33 54 3 0
19 60 -5 0
56 -44 -71 0
92 -9 11 0
91 -83 71 0
-64 -93 -42 0
-49 35 55 0
15 -19 27 0
98 -34 59 0
-25 38 50 0
83 -28 -26 0
-55 -74 -69 0
-78 -59 81 0
-91 41 -14 0
47 -12 -49 0
75 91 56 0
-45 54 48 0
-25 -70 12 0
8 -40 73 0
57 -25 -10 0
41 -83 72 0
61 -34 56 0
-98 22 67 0
81 -67 -78 0
-98 18 -76 0
-79 40 -84 0
80 -35 -19 0
-73 -17 -85 0
65 53 90 0
-100 38 81 0
31 15 75 0
86 -36 28 0
39 9 -44 0
41 58 93 0
69 -87 -3 0
63 -23 19 0
-89 80 -43 0
-35 42 85 0
-100 95 44 0
-27 -77 8 0
36 95 54 0
-60 -77 27 0
-1 54 -10 0
-93 38 -29 0
7 -19 90 0
2 -53 38 0
-22 86 80 0
82 -60 -16 0
33 15 13 0
49 -48 29 0
-35 32 -14 0
80 -100 -90 0
62 2 18 0
-100 -10 -9 0
-81 -86 42 0
54 -89 53 0
-97 -27 46 0
17 -26 51 0
-81 -5 -19 0
18 63 73 0
82 81 21 0
-8 -81 62 0
-87 -44 83 0
20 93 -43 0
-17 -45 56 0
-25 -45 71 0
70 41 72 0
-40 -81 -22 0
-60 8 -83 0
12 10 25 0
-97 71 63 0
87 -17 97 0
66 -95 56 0
13 91 -27 0
87 13 88 0
-12 59 -31 0
-85 -5 36 0
95 84 57 0
-53 -5 57 0
70 61 58 0
39 -71 48 0
9 68 30 0
25 -44 64 0
-9 -72 -79 0
-47 65 -2 0
-22 -76 -80 0
-26 -61 73 0
-69 24 85 0
70 -16 -54 0
89 -24 -46 0
-98 12 -27 0
71 42 52 0
-50 82 -75 0
-8 -45 87 0
43 54 88 0
-77 16 -46 0
70 -46 -86 0
10 12 7 0
-22 -61 48 0
24 39 -42 0
80 66 -22 0
-28 -86 -38 0
29 -75 -79 0
-76 -88 -12 0
-55 -74 -82 0
91 -60 98 0
86 -51 48 0
-13 -30 -99 0
-23 -1 78 0
-6 47 -7 0
-67 4 -55 0
-53 39 77 0
42 22 -19 0
47 -34 -78 0
89 -85 9 0
99 -9 40 0
-39 23 -5 0
47 -79 -33 0
-79 84 -86 0
-86 43 11 0
22 9 32 0
92 26 98 0
85 95 -91 0
-25 -72 -14 0
-33 -66 -28 0
28 32 97 0
-51 -44 95 0
44 -32 75 0
38 50 48 0
28 23 -14 0
26 57 -99 0
98 93 -17 0
3 2 17 0
-94 3 -68 0
-51 38 -83 0
-79 91 -26 0
31 -71 68 0
21 57 -71 0
63 23 27 0
-80 -72 -92 0
-65 45 28 0
49 75 -35 0
42 19 22 0
-1 -39 63 0
90 -7 -28 0
-72 -68 -19 0
26 13 -85 0
19 98 -18 0
34 86 62 0
56 -6 -57 0
20 -4 53 0
33 -75 -28 0
-2 -69 -10 0
47 40 39 0
-40 97 -41 0
-68 -51 -67 0
-76 15 -26 0
18 69 72 0
-85 57 18 0
-10 -80 33 0
-64 28 -16 0
30 -3 -83 0
57 88 -81 0
70 1 39 0
23 18 -49 0
-6 54 50 0
-36 35 -90 0
36 5 9 0
21 -62 82 0
-54 -39 25 0
65 -42 97 0
1 -95 44 0
30 -27 20 0
35 -62 -45 0
24 25 74 0
16 68 -24 0
6 47 -66 0
9 27 -71 0
-96 -10 -88 0
-73 -77 74 0
82 1 -20 0
9 -42 -72 0
-77 14 -16 0
-95 -19 -4 0
79 80 -54 0
-47 98 30 0
11 6 -51 0
-57 63 86 0
36 18 -66 0
-9 -65 5 0
-50 -58 -72 0
-2 22 -97 0
-89 5 -86 0
-91 93 -68 0
-2 -16 -39 0
43 -14 59 0
-2 37 74 0
11 -33 34 0
-62 -70 -99 0
85 -63 -30 0
-95 52 19 0
96 41 -99 0
30 1 -62 0
92 38 -58 0
10 -92 21 0
-56 22 94 0
84 -67 71 0
98 -45 -14 0
-10 45 -49 0
-79 52 -87 0
-2 81 -44 0
29 -24 -99 0
-22 100 -70 0
71 61 83 0
-87 -51 91 0
35 46 -23 0
-81 2 49 0
87 16 4 0
59 -2 94 0
94 -33 -21 0
-47 -76 -41 0
-65 -49 -76 0
-14 -26 21 0
-25 20 -61 0
32 -10 -51 0
43 16 74 0
-83 10 28 0
-92 -86 -75 0
45 -69 64 0
-73 -46 -60 0
62 24 93 0
-48 15 3 0
90 48 82 0
46 40 -32 0
-50 7 -90 0
-23 -36 39 0
-62 -19 -75 0
68 -43 -35 0
-52 13 -48 0
31 -26 -98 0
-37 -59 -77 0
-50 -23 -93 0
-64 -45 -61 0
41 16 25 0
1 95 31 0
-92 12 -70 0
57 100 91 0
52 72 -99 0
-89 34 -14 0
-28 15 4 0
66 -60 45 0
21 99 -50 0
100 14 -62 0
-8 2 -19 0
-39 -83 -89 0
71 10 -19 0
-74 95 47 0
-37 96 89 0
-90 -41 40 0
-8 -79 72 0
-100 -75 -90 0
15 23 -38 0
3 16 -79 0
77 63 97 0
78 -66 -71 0
-81 -99 -64 0
-75 97 -32 0
37 -52 8 0
39 -41 2 0
-24 59 2 0
16 -69 30 0
71 -90 -22 0
-9 -84 -3 0
32 6 38 0
-91 30 85 0
-67 -15 4 0
22 -76 100 0
26 36 -98 0
33 -13 -9 0
-43 -80 71 0
-5 -36 15 0
43 -44 -11 0
22 -93 -60 0
-30 -10 3 0
1 -47 -19 0
-13 -48 -17 0
-38 -45 62 0
11 12 22 0
52 -51 -86 0
-73 -10 -67 0
-49 -65 -4 0
45 -32 44 0
-58 86 45 0
-99 44 -7 0
84 -83 -11 0
-5 31 -95 0
79 71 -82 0
-30 -98 -44 0
-1 63 -39 0
-37 65 -82 0
-3 86 40 0
-33 -16 76 0
5 -90 33 0
51 -28 -65 0
-2 -68 -26 0
62 67 -25 0
86 -58 89 0
-46 -17 -77 0
82 76 -58 0
-66 -91 -31 0
36 59 -15 0
26 -96 27 0
85 55 42 0
88 27 58 0
100 56 -54 0
-75 -14 -73 0
65 -74 78 0
88 -87 -97 0
93 94 21 0
35 -55 97 0
-84 -76 -14 0
-4 -73 31 0
-58 -29 86 0
-73 26 41 0
-89 -66 83 0
-59 -95 -10 0
-100 -65 -98 0
-39 -15 35 0
33 -2 -24 0
74 -52 -77 0
56 11 25 0
51 -44 11 0
49 100 -99 0
-80 -68 20 0
-29 52 1 0
64 82 37 0
-77 59 -2 0
4 27 65 0
-12 72 26 0
26 -81 -39 0
-78 -48 -9 0
-47 -11 -75 0
-43 32 -15 0
-5 -3 31 0
-11 24 -76 0
34 22 49 0
63 -2 -35 0
-2 33 -61 0
-73 34 -95 0
-19 -15 21 0
24 -55 -29 0
-1 28 99 0
34 10 -14 0
93 57 68 0
-37 -45 61 0
29 44 -97 0
42 92 -14 0
-41 42 -75 0
28 52 -5 0
-60 55 27 0
-42 -96 -11 0
77 63 -95 0
100 67 -70 0
-27 52 89 0
-86 70 -1 0
-18 52 36 0
53 -99 -34 0
37 35 -72 0
36 30 10 0
-46 56 37 0
-69 7 -51 0
99 92 -77 0
-50 21 -48 0
6 29 -60 0
66 57 94 0
82 -94 -29 0
-3 -69 63 0
63 45 61 0
-64 -26 100 0
86 84 -67 0
-90 72 -2 0
-25 8 54 0
67 99 -60 0
-27 55 76 0
-25 73 83 0
2 -32 -49 0
20 35 8 0
92 -1 -79 0
-98 -81 18 0
-6 78 42 0
-90 -15 -91 0
83 -76 75 0
-49 -79 -50 0
-14 13 -60 0
18 3 -60 0
78 -21 35 0
-45 -61 9 0
-75 28 -20 0
-76 -30 -72 0
90 31 12 0
76 47 -65 0
-50 -37 -11 0
93 -46 27 0
-22 -72 35 0
-63 -82 84 0
-17 -36 -48 0
-14 17 51 0
-45 38 -49 0
44 -60 -9 0
48 -75 80 0
-25 18 -88 0
76 -79 -23 0
-47 -62 -39 0
46 86 80 0
-17 -97 -7 0
-65 -34 -89 0
-51 -28 -36 0
-9 93 20 0
-44 -29 -63 0
34 -47 94 0
-55 65 -3 0
-65 2 79 0
-35 22 -39 0
-19 -48 41 0
4 44 -74 0
-61 7 19 0
73 -24 9 0
-95 20 97 0
34 16 -64 0
-80 40 -66 0
11 31 70 0
21 23 -60 0
93 -30 -28 0
-72 30 -36 0
27 -89 -22 0
10 -59 88 0
18 73 28 0
-50 58 52 0
52 -76 -51 0
44 -40 49 0
69 -43 -70 0
-40 -2 -18 0
-96 -76 21 0
-34 16 -38 0
21 58 -61 0
72 -89 100 0
11 -100 36 0
62 12 -35 0
-94 3 -47 0
-30 -27 -70 0
72 38 93 0
65 -1 15 0
-37 -57 -49 0
-22 61 31 0
-87 56 67 0
-3 -78 86 0
37 -45 66 0
100 62 81 0
-58 -88 40 0
39 29 19 0
82 -81 58 0
-89 -45 38 0
-60 -13 -65 0
-16 -10 -19 0
53 -22 76 0
-7 90 19 0
-75 -1 -80 0
94 -55 -63 0
99 -41 -54 0
36 -41 -34 0
-44 71 33 0
-91 24 94 0
32 77 -7 0
-97 -59 39 0
-16 -48 -47 0
-32 -99 -71 0
-60 -91 61 0
82 -16 21 0
-38 -73 68 0
-6 74 -39 0
17 60 3 0
46 -53 96 0
-100 -74 -72 0
74 7 91 0
75 53 14 0
61 72 -74 0
-36 89 17 0
-25 23 17 0
21 85 -38 0
47 -72 -8 0
75 67 -32 0
-5 -58 86 0
62 98 80 0
-68 -47 -36 0
-19 15 -7 0
-39 -33 -83 0
92 100 98 0
-97 -90 -23 0
82 88 54 0
98 34 -50 0
57 -8 -32 0
95 6 16 0
34 15 62 0
-10 -45 -31 0
-43 -66 -63 0
-69 -84 -88 0
-77 64 -32 0
-95 -67 -81 0
3 59 -38 0
69 79 96 0
80 -19 78 0
10 -47 -27 0
18 49 15 0
52 51 14 0
-53 -95 30 0
-95 58 63 0
12 100 46 0
-5 39 84 0
89 -79 3 0
-48 -44 17 0
-84 24 -25 0
18 34 -67 0
91 20 -96 0
25 -46 44 0
-17 -42 -44 0
-7 53 -96 0
45 96 -39 0
-64 -70 -11 0
58 9 65 0
-63 -20 19 0
-67 -69 48 0
78 41 35 0
-70 8 -87 0
6 98 -41 0
82 49 20 0
14 -68 -81 0
-14 1 77 0
-33 -51 -64 0
-79 37 -57 0
65 -12 -60 0
-42 73 -57 0
-41 -52 -11 0
-4 -52 -44 0
-75 57 -18 0
45 75 26 0
-54 -18 -26 0
-24 74 -62 0
73 -38 39 0
-73 13 -43 0
-65 -83 76 0
100 -79 25 0
65 91 -31 0
44 33 34 0
-68 80 -54 0
-58 -75 -60 0
-10 -55 -64 0
-42 -9 -39 0
94 8 -50 0
-64 -85 -79 0
39 -23 17 0
78 100 36 0
-7 22 -58 0
-62 -84 -97 0
-43 -23 -61 0
14 4 -66 0
-32 -71 25 0
31 -38 -94 0
53 -48 -72 0
-89 81 -21 0
41 -60 79 0
-40 47 -32 0
52 26 81 0
98 -37 -59 0
-16 59 -75 0
-49 12 -45 0
-37 2 -21 0
-37 83 47 0
22 87 74 0
15 2 -66 0
58 -88 10 0
-18 -80 -83 0
-6 58 26 0
45 -58 35 0
-26 -1 -83 0
63 -29 -100 0
29 -63 16 0
-94 37 -6 0
57 -92 -95 0
16 86 77 0
29 -32 73 0
58 97 54 0
53 70 -40 0
8 72 -58 0
-68 -83 -71 0
-73 30 80 0
-72 -64 -17 0
71 -80 43 0
88 -13 -63 0
-40 78 -41 0
-76 77 -50 0
-69 93 55 0
78 -10 -48 0
-68 77 -42 0
51 15 16 0
38 -53 7 0
57 -83 -41 0
-10 -58 48 0
-5 3 -78 0
-41 31 81 0
-33 5 -52 0
9 -75 -49 0
-68 -90 -37 0
-77 -99 34 0
69 -78 -1 0
-53 -72 -13 0
57 -65 -70 0
-76 41 9 0
7 46 17 0
49 -54 61 0
-45 100 -2 0
-20 71 29 0
86 -39 95 0
-38 -32 10 0
-2 -95 -77 0
63 -34 -88 0
52 -32 12 0
89 -67 58 0
48 -20 3 0
96 -63 -4 0
76 -6 -59 0
76 85 24 0
-36 -41 -89 0
-54 37 56 0
-15 43 24 0
-56 29 91 0
64 -34 -60 0
45 46 -79 0
34 19 -16 0
66 87 51 0
37 45 59 0
6 -85 -51 0
-38 29 -21 0
-81 50 -62 0
87 42 -40 0
-27 -89 -23 0
62 -19 51 0
17 -22 -89 0
59 -86 -50 0
-65 -28 21 0
97 59 40 0
90 100 -50 0
-6 90 91 0
-5 -46 -84 0
47 85 16 0
-64 -39 45 0
-92 10 26 0
-85 98 -41 0
-35 -48 -5 0
-65 30 -24 0
-25 84 79 0
37 -30 29 0
-18 -68 -13 0
-54 -83 -31 0
67 -52 53 0
-84 64 -55 0
96 73 -61 0
-9 56 3 0
80 -5 11 0
-33 -63 44 0
40 -6 -74 0
96 -22 18 0
-38 64 88 0
-13 71 67 0
-91 27 40 0
84 85 14 0
-41 21 -69 0
96 28 -61 0
-62 -31 75 0
28 92 -45 0
13 -88 40 0
-28 -51 -50 0
80 34 -75 0
-20 48 89 0
-75 57 16 0
-51 78 93 0
75 -99 -46 0
-96 57 67 0
-81 -84 93 0
-70 49 66 0
71 47 44 0
48 -46 79 0
-26 44 -73 0
30 91 85 0
-50 70 -36 0
-53 -86 38 0
-2 16 71 0
14 -60 -99 0
59 72 -44 0
-30 -22 17 0
13 -14 -97 0
17 -6 95 0
-37 74 -15 0
-51 96 12 0
22 -82 -59 0
59 -95 -44 0
-25 -14 79 0
-61 24 21 0
31 -88 60 0
-17 59 -44 0
15 89 84 0
-9 70 8 0
91 -88 94 0
79 63 2 0
39 97 96 0
-97 5 -67 0
69 22 37 0
-82 100 94 0
83 -28 82 0
-60 -95 -46 0
90 32 -33 0
-31 72 86 0
-26 31 72 0
28 -26 -27 0
-27 -93 -8 0
-89 -87 -93 0
-80 -7 60 0
-55 54 -48 0
96 -62 -17 0
-99 91 -42 0
-66 95 22 0
48 -74 -14 0
-47 17 35 0
-4 -34 -2 0
49 100 58 0
60 -2 -72 0
-38 82 11 0
19 -53 -36 0
55 -24 -61 0
-78 -94 -46 0
-76 69 15 0
-72 55 -94 0
68 -94 93 0
-29 -36 -45 0
39 38 77 0
-65 -23 73 0
75 71 95 0
-36 -85 -43 0
-94 44 19 0
37 1 23 0
-30 -77 -44 0
83 55 -75 0
68 65 58 0
-74 100 94 0
-98 100 66 0
-22 80 31 0
12 97 19 0
-39 -47 29 0
83 -19 -58 0
10 100 38 0
-64 53 -61 0
-75 -54 32 0
70 65 -14 0
27 93 -60 0
-97 54 -44 0
55 -86 85 0
-54 36 98 0
30 -37 -4 0
-65 76 47 0
100 -8 -34 0
-43 -14 3 0
-52 -92 4 0
-3 33 -44 0
69 64 -89 0
-75 -6 -50 0
47 8 15 0
-72 -83 96 0
-20 61 -100 0
55 -29 4 0
-38 97 28 0
-87 -51 -79 0
35 8 -11 0
-74 -4 -100 0
-21 15 -38 0
92 -19 67 0
-81 13 -76 0
57 72 -73 0
100 -53 -16 0
96 -1 79 0
-16 89 85 0
-41 46 -77 0
-5 -73 9 0
-59 -19 62 0
-48 14 56 0
77 -92 19 0
-81 48 95 0
18 -13 -48 0
-3 -36 99 0
-13 -56 76 0
-20 -86 -84 0
-33 84 50 0
3 12 -70 0
80 72 -93 0
93 12 -15 0
71 94 79 0
82 13 -49 0
93 83 -89 0
-58 -85 -67 0
73 4 21 0
44 1 -35 0
37 -7 -1 0
86 46 33 0
63 -95 25 0
29 52 90 0
84 -18 26 0
91 -89 59 0
-48 64 41 0
88 42 -70 0
-5 -58 38 0
93 67 -61 0
95 -14 -83 0
94 70 -53 0
-14 -96 -53 0
19 -8 26 0
-87 15 -8 0
87 75 -95 0
-6 58 -56 0
-86 -25 14 0
99 15 86 0
-50 -77 -5 0
1 43 -58 0
49 -15 25 0
10 45 -28 0
20 -60 -12 0
69 -89 -96 0
26 -90 -14 0
43 -77 -12 0
38 59 24 0
-90 -78 -50 0
2 -64 44 0
39 70 -41 0
16 -88 -25 0
82 -51 -88 0
-58 -76 -21 0
9 67 -100 0
-57 50 98 0
42 30 -57 0
-43 -45 52 0
57 -58 77 0
-88 90 57 0
7 34 85 0
-65 -70 -50 0
-23 95 34 0
-73 -49 72 0
-43 42 -78 0
49 -92 1 0
93 51 -64 0
-53 21 87 0
37 -78 54 0
6 -69 -32 0
19 46 98 0
87 -13 71 0
37 -87 -20 0
46 86 7 0
67 -62 78 0
-37 84 38 0
39 -41 -58 0
1 -58 38 0
-88 -83 59 0
47 -46 -27 0
38 -4 79 0
-54 -52 81 0
-28 20 88 0
-98 21 96 0
-28 92 73 0
25 85 28 0
-94 50 8 0
44 9 75 0
73 65 -74 0
9 -5 -7 0
-72 61 26 0
-13 -5 -66 0
-67 83 -93 0
34 -22 6 0
-54 -65 72 0
-83 -75 77 0
-83 33 -56 0
-89 -3 9 0
75 93 -48 0
97 -71 -32 0
19 -22 -6 0
-15 47 71 0
-25 -13 -26 0
50 -93 49 0
3 55 91 0
-44 -9 -93 0
21 98 78 0
-91 71 -80 0
36 67 -51 0
52 -51 73 0
83 63 -96 0
-44 51 4 0
-78 -76 -62 0
-40 52 -75 0
27 -55 -35 0
90 22 -28 0
1 -75 -16 0
-51 30 -56 0
-79 -93 34 0
-79 31 -59 0
-43 90 11 0
-34 85 94 0
91 -10 6 0
15 42 -47 0
-5 93 -69 0
-59 -71 -66 0
30 9 79 0
-78 -23 -80 0
44 65 71 0
33 38 81 0
52 -49 -56 0
16 -77 -12 0
-23 -43 -81 0
-70 -6 -89 0
-41 -92 66 0
65 41 98 0
-56 24 39 0
-54 72 -20 0
-15 -13 72 0
-23 -86 -19 0
91 6 5 0
-66 23 -74 0
1 -73 -12 0
43 -8 -42 0
-56 -53 -65 0
76 50 9 0
32 -2 -16 0
-65 92 -58 0
-1 57 -33 0
-19 32 55 0
91 69 -6 0
-54 77 -8 0
-90 -73 -45 0
-37 -56 -87 0
-93 1 74 0
-75 -19 63 0
46 4 42 0
-12 -72 -56 0
40 -9 -89 0
-1 -37 -62 0
24 -45 54 0
21 93 45 0
-52 26 59 0
64 73 -37 0
63 -61 31 0
-29 -60 -12 0
-78 -76 60 0
-22 84 -7 0
4 -61 20 0
-96 -67 -18 0
-45 -61 59 0
-89 -37 -66 0
28 17 -70 0
34 31 -23 0
92 42 -60 0
27 97 -16 0
-56 -36 65 0
77 10 17 0
-22 -17 52 0
27 63 -66 0
-36 78 -39 0
80 55 89 0
84 1 -51 0
67 -74 -27 0
-6 10 -13 0
-69 58 -33 0
30 -52 -94 0
-78 -30 17 0
32 -14 78 0
-68 45 56 0
28 1 -33 0
23 95 -70 0
-27 45 -9 0
28 25 31 0
39 30 41 0
80 96 -46 0
-90 10 -70 0
-95 -60 -40 0
82 -99 58 0
-86 31 90 0
-69 28 -40 0
49 94 -10 0
1 32 89 0
-71 -96 12 0
-28 55 -42 0
58 49 46 0
-28 -43 -84 0
